size(B),count,type,time(ns),busbw(GB/s),time(ns),busbw(GB/s)
1048576,262144,float,75040,18.63,73410,19.05
2097152,524288,float,92730,30.16,90710,30.83
3145728,786432,float,119000,35.26,132600,31.63
4194304,1048576,float,148900,37.55,148300,37.72
5242880,1310720,float,179800,38.88,179400,38.97
6291456,1572864,float,210600,39.83,210400,39.87
7340032,1835008,float,241800,40.47,241000,40.60
8388608,2097152,float,271800,41.15,271800,41.15
9437184,2359296,float,302500,41.59,302300,41.62
10485760,2621440,float,333400,41.93,335600,41.65
11534336,2883584,float,364900,42.14,364700,42.17
12582912,3145728,float,393800,42.60,394400,42.54
13631488,3407872,float,426200,42.65,426300,42.64
14680064,3670016,float,455600,42.96,456500,42.88
15728640,3932160,float,485200,43.22,485800,43.17
16777216,4194304,float,518200,43.17,518299,43.16
17825792,4456448,float,547700,43.39,549000,43.29
18874368,4718592,float,577800,43.55,577800,43.55
19922944,4980736,float,608900,43.63,609000,43.62
20971520,5242880,float,639400,43.73,639900,43.69
22020096,5505024,float,670000,43.82,670600,43.78
23068672,5767168,float,701800,43.82,702100,43.81
24117248,6029312,float,730800,44.00,731700,43.95
25165824,6291456,float,762400,44.01,761200,44.08
26214400,6553600,float,810000,43.15,810600,43.12
27262976,6815744,float,836100,43.47,835600,43.50
28311552,7077888,float,861700,43.81,861500,43.82
29360128,7340032,float,892900,43.84,892200,43.88
30408704,7602176,float,923000,43.93,922600,43.95
31457280,7864320,float,953100,44.01,953600,43.98
32505856,8126464,float,984700,44.01,983500,44.07
33554432,8388608,float,1014800,44.09,1015600,44.05
34603008,8650752,float,1045300,44.14,1045200,44.14
35651584,8912896,float,1077600,44.11,1078100,44.09
36700160,9175040,float,1107100,44.20,1107500,44.18
37748736,9437184,float,1137400,44.25,1137400,44.25
38797312,9699328,float,1168500,44.27,1169400,44.24
39845888,9961472,float,1200000,44.27,1199700,44.29
40894464,10223616,float,1228800,44.37,1230300,44.32
41943040,10485760,float,1261000,44.35,1260500,44.37
42991616,10747904,float,1289700,44.45,1289800,44.44
44040192,11010048,float,1320700,44.46,1321900,44.42
45088768,11272192,float,1352300,44.46,1355300,44.36
46137344,11534336,float,1383000,44.48,1382800,44.49
47185920,11796480,float,1413200,44.52,1412400,44.54
48234496,12058624,float,1444000,44.54,1444700,44.52
49283072,12320768,float,1473100,44.61,1474700,44.56
50331648,12582912,float,1504200,44.61,1506400,44.55
51380224,12845056,float,1551800,44.15,1551800,44.15
52428800,13107200,float,1580300,44.23,1577700,44.31
53477376,13369344,float,1605200,44.42,1604200,44.45
54525952,13631488,float,1634300,44.49,1636400,44.43
55574528,13893632,float,1666000,44.48,1665700,44.49
56623104,14155776,float,1695400,44.53,1694000,44.57
57671680,14417920,float,1727300,44.52,1728500,44.49
58720256,14680064,float,1759500,44.50,1757500,44.55
59768832,14942208,float,1789900,44.52,1788300,44.56
60817408,15204352,float,1820300,44.55,1819600,44.56
61865984,15466496,float,1851000,44.56,1848500,44.62
62914560,15728640,float,1880700,44.60,1879800,44.62
63963136,15990784,float,1912300,44.60,1913800,44.56
65011712,16252928,float,1941400,44.65,1941100,44.66
66060288,16515072,float,1970800,44.69,1972100,44.66
67108864,16777216,float,2003900,44.65,2004900,44.63
68157440,17039360,float,2034800,44.66,2032300,44.72
69206016,17301504,float,2068500,44.61,2064600,44.69
70254592,17563648,float,2093900,44.74,2095000,44.71
71303168,17825792,float,2124500,44.75,2127100,44.70
72351744,18087936,float,2153900,44.79,2157600,44.71
73400320,18350080,float,2189600,44.70,2187800,44.73
74448896,18612224,float,2219300,44.73,2216400,44.79
75497472,18874368,float,2248800,44.76,2249100,44.76
76546048,19136512,float,2295700,44.46,2297000,44.43
77594624,19398656,float,2320200,44.59,2321200,44.57
78643200,19660800,float,2345200,44.71,2346100,44.69
79691776,19922944,float,2377600,44.69,2374900,44.74
80740352,20185088,float,2408500,44.70,2407500,44.72
81788928,20447232,float,2443000,44.64,2437000,44.75
82837504,20709376,float,2470100,44.71,2470100,44.71
83886080,20971520,float,2498600,44.76,2502600,44.69
84934656,21233664,float,2529300,44.77,2529800,44.77
85983232,21495808,float,2562400,44.74,2564200,44.71
87031808,21757952,float,2590000,44.80,2594500,44.73
88080384,22020096,float,2624100,44.75,2623400,44.77
89128960,22282240,float,2652400,44.80,2658900,44.70
90177536,22544384,float,2683300,44.81,2684900,44.78
91226112,22806528,float,2713400,44.83,2715300,44.80
92274688,23068672,float,2749600,44.75,2745900,44.81
93323264,23330816,float,2774100,44.85,2776300,44.82
94371840,23592960,float,2806500,44.84,2809500,44.79
95420416,23855104,float,2840200,44.80,2836700,44.85
96468992,24117248,float,2869000,44.83,2870100,44.82
97517568,24379392,float,2894000,44.93,2896400,44.89
98566144,24641536,float,2933700,44.80,2927500,44.89
99614720,24903680,float,2959000,44.89,2963700,44.82
100663296,25165824,float,2991300,44.87,2990900,44.87
101711872,25427968,float,3036000,44.67,3032700,44.72
102760448,25690112,float,3064100,44.72,3065600,44.69
103809024,25952256,float,3089800,44.80,3089100,44.81
104857600,26214400,float,3122500,44.77,3122300,44.78
105906176,26476544,float,3153200,44.78,3147200,44.87
106954752,26738688,float,3179500,44.85,3181000,44.83
108003328,27000832,float,3211600,44.84,3216000,44.78
109051904,27262976,float,3244300,44.82,3244800,44.81
110100480,27525120,float,3273300,44.85,3273700,44.84
111149056,27787264,float,3306600,44.82,3303700,44.86
112197632,28049408,float,3337100,44.83,3339100,44.80
113246208,28311552,float,3363100,44.90,3363100,44.90
114294784,28573696,float,3394200,44.90,3395400,44.88
115343360,28835840,float,3426300,44.89,3422700,44.93
116391936,29097984,float,3459900,44.85,3455200,44.92
117440512,29360128,float,3488300,44.89,3485400,44.93
118489088,29622272,float,3517100,44.92,3519100,44.89
119537664,29884416,float,3545700,44.95,3546400,44.94
120586240,30146560,float,3583300,44.87,3578200,44.93
121634816,30408704,float,3613300,44.88,3607100,44.96
122683392,30670848,float,3641200,44.92,3638700,44.96
123731968,30932992,float,3672000,44.93,3675800,44.88
124780544,31195136,float,3699900,44.97,3699000,44.98
125829120,31457280,float,3730400,44.97,3734500,44.92
126877696,31719424,float,3779000,44.77,3780600,44.75
127926272,31981568,float,3807400,44.80,3804300,44.84
128974848,32243712,float,3835000,44.84,3831500,44.88
130023424,32505856,float,3864000,44.87,3863500,44.87
131072000,32768000,float,3891400,44.91,3893500,44.89
132120576,33030144,float,3922200,44.91,3919200,44.95
133169152,33292288,float,3952500,44.92,3954800,44.90
134217728,33554432,float,3985600,44.90,3986900,44.89
135266304,33816576,float,4011500,44.96,4013600,44.94
136314880,34078720,float,4047400,44.91,4048200,44.90
137363456,34340864,float,4076700,44.93,4079900,44.89
138412032,34603008,float,4108600,44.92,4105000,44.96
139460608,34865152,float,4138500,44.93,4142399,44.89
140509184,35127296,float,4166700,44.96,4169399,44.93
141557760,35389440,float,4199600,44.94,4196500,44.98
142606336,35651584,float,4229600,44.95,4230000,44.95
143654912,35913728,float,4259500,44.97,4258600,44.98
144703488,36175872,float,4291700,44.96,4291400,44.96
145752064,36438016,float,4323600,44.95,4326100,44.92
146800640,36700160,float,4357900,44.91,4352400,44.97
147849216,36962304,float,4379300,45.02,4381700,44.99
148897792,37224448,float,4415100,44.97,4414200,44.98
149946368,37486592,float,4445300,44.98,4450200,44.93
150994944,37748736,float,4473800,45.00,4471500,45.02
152043520,38010880,float,4523100,44.82,4519600,44.85
153092096,38273024,float,4554800,44.81,4552000,44.84
154140672,38535168,float,4577800,44.90,4579700,44.88
155189248,38797312,float,4606900,44.92,4607600,44.91
156237824,39059456,float,4635300,44.94,4640200,44.89
157286400,39321600,float,4660900,44.99,4667500,44.93
158334976,39583744,float,4697600,44.94,4694700,44.97
159383552,39845888,float,4724600,44.98,4727300,44.95
160432128,40108032,float,4758600,44.95,4756900,44.97
161480704,40370176,float,4785300,44.99,4786300,44.98
162529280,40632320,float,4821200,44.95,4820800,44.95
163577856,40894464,float,4846800,45.00,4848100,44.99
164626432,41156608,float,4873900,45.04,4882400,44.96
165675008,41418752,float,4910400,44.99,4914300,44.95
166723584,41680896,float,4939900,45.00,4939600,45.00
167772160,41943040,float,4973700,44.98,4976500,44.95
168820736,42205184,float,5002400,45.00,5003400,44.99
169869312,42467328,float,5036500,44.97,5034600,44.99
170917888,42729472,float,5070700,44.94,5069000,44.96
171966464,42991616,float,5094200,45.01,5094000,45.01
173015040,43253760,float,5126200,45.00,5133400,44.94
174063616,43515904,float,5149500,45.07,5157700,45.00
175112192,43778048,float,5184800,45.03,5189800,44.99
176160768,44040192,float,5216100,45.03,5225700,44.95
177209344,44302336,float,5269600,44.84,5258300,44.93
178257920,44564480,float,5287500,44.95,5294600,44.89
179306496,44826624,float,5316900,44.97,5321000,44.93
180355072,45088768,float,5346500,44.98,5354200,44.91
181403648,45350912,float,5382200,44.94,5374800,45.00
182452224,45613056,float,5406000,45.00,5415900,44.92
183500800,45875200,float,5434200,45.02,5438700,44.99
184549376,46137344,float,5466600,45.01,5466400,45.01
185597952,46399488,float,5501100,44.98,5500900,44.99
186646528,46661632,float,5532100,44.99,5531000,44.99
187695104,46923776,float,5560600,45.01,5559700,45.01
188743680,47185920,float,5587900,45.04,5594400,44.98
189792256,47448064,float,5619200,45.03,5619900,45.03
190840832,47710208,float,5654700,45.00,5655000,45.00
191889408,47972352,float,5688600,44.98,5680500,45.04
192937984,48234496,float,5714900,45.01,5718300,44.99
193986560,48496640,float,5741300,45.05,5750000,44.98
195035136,48758784,float,5776200,45.02,5778000,45.01
196083712,49020928,float,5805700,45.03,5802200,45.06
197132288,49283072,float,5839200,45.01,5841900,44.99
198180864,49545216,float,5864200,45.06,5873500,44.99
199229440,49807360,float,5894200,45.07,5892700,45.08
200278016,50069504,float,5925100,45.07,5931300,45.02
201326592,50331648,float,5956300,45.07,5962400,45.02
202375168,50593792,float,6008500,44.91,6009600,44.90
203423744,50855936,float,6037100,44.93,6023800,45.03
204472320,51118080,float,6055000,45.03,6056500,45.01
205520896,51380224,float,6088200,45.01,6090800,44.99
206569472,51642368,float,6119200,45.01,6117300,45.02
207618048,51904512,float,6150000,45.01,6150400,45.01
208666624,52166656,float,6174500,45.06,6181400,45.01
209715200,52428800,float,6215100,44.99,6213600,45.00
210763776,52690944,float,6241100,45.03,6245100,45.00
211812352,52953088,float,6270600,45.04,6272800,45.02
212860928,53215232,float,6299800,45.05,6300900,45.04
213909504,53477376,float,6335500,45.02,6333000,45.04
214958080,53739520,float,6370200,44.99,6368500,45.00
216006656,54001664,float,6401000,44.99,6398800,45.01
217055232,54263808,float,6426800,45.03,6424100,45.05
218103808,54525952,float,6460000,45.02,6458200,45.03
219152384,54788096,float,6485300,45.06,6481700,45.08
220200960,55050240,float,6515800,45.06,6524300,45.00
221249536,55312384,float,6553300,45.02,6552500,45.02
222298112,55574528,float,6588200,44.99,6582500,45.03
223346688,55836672,float,6609500,45.06,6613800,45.03
224395264,56098816,float,6636500,45.08,6637100,45.08
225443840,56360960,float,6677300,45.02,6670200,45.06
226492416,56623104,float,6708900,45.01,6705100,45.04
227540992,56885248,float,6746300,44.97,6740800,45.01
228589568,57147392,float,6774100,44.99,6775800,44.98
229638144,57409536,float,6801900,45.01,6806500,44.98
230686720,57671680,float,6829300,45.04,6831700,45.02
231735296,57933824,float,6861900,45.03,6867500,44.99
232783872,58195968,float,6894900,45.02,6892300,45.03
233832448,58458112,float,6920700,45.05,6921700,45.04
234881024,58720256,float,6950800,45.06,6955300,45.03
235929600,58982400,float,6979600,45.07,6985800,45.03
236978176,59244544,float,7004000,45.11,7018000,45.02
238026752,59506688,float,7042500,45.06,7042600,45.06
239075328,59768832,float,7081500,45.01,7077100,45.04
240123904,60030976,float,7111800,45.02,7106900,45.05
241172480,60293120,float,7133800,45.08,7145400,45.00
242221056,60555264,float,7174800,45.01,7161800,45.10
243269632,60817408,float,7205700,45.01,7199000,45.06
244318208,61079552,float,7222100,45.11,7228100,45.07
245366784,61341696,float,7258400,45.07,7263500,45.04
246415360,61603840,float,7289200,45.07,7291500,45.06
247463936,61865984,float,7317000,45.09,7323400,45.05
248512512,62128128,float,7351400,45.07,7351400,45.07
249561088,62390272,float,7386600,45.05,7372600,45.13
250609664,62652416,float,7411200,45.09,7416100,45.06
251658240,62914560,float,7440200,45.10,7443900,45.08
252706816,63176704,float,7492600,44.97,7492900,44.97
253755392,63438848,float,7515800,45.02,7523100,44.97
254803968,63700992,float,7545400,45.03,7547800,45.01
255852544,63963136,float,7581100,45.00,7572400,45.05
256901120,64225280,float,7604300,45.05,7609800,45.01
257949696,64487424,float,7639400,45.02,7640800,45.01
258998272,64749568,float,7665600,45.05,7659200,45.09
260046848,65011712,float,7698100,45.04,7689700,45.09
261095424,65273856,float,7718700,45.10,7726800,45.05
262144000,65536000,float,7759500,45.04,7757200,45.06
263192576,65798144,float,7785700,45.07,7793700,45.03
264241152,66060288,float,7818500,45.06,7821900,45.04
265289728,66322432,float,7849700,45.06,7845800,45.08
266338304,66584576,float,7879200,45.07,7889400,45.01
267386880,66846720,float,7905500,45.10,7910500,45.07
268435456,67108864,float,7949500,45.02,7941200,45.07
269484032,67371008,float,7972900,45.07,7979200,45.03
270532608,67633152,float,7998800,45.10,7997300,45.10
271581184,67895296,float,8037800,45.05,8039600,45.04
272629760,68157440,float,8061900,45.09,8067800,45.06
273678336,68419584,float,8099000,45.06,8099200,45.05
274726912,68681728,float,8124500,45.09,8119100,45.12
275775488,68943872,float,8159200,45.07,8151400,45.11
276824064,69206016,float,8189900,45.07,8191600,45.06
277872640,69468160,float,8232200,45.01,8234200,45.00
278921216,69730304,float,8264799,45.00,8261000,45.02
279969792,69992448,float,8286200,45.05,8285400,45.05
281018368,70254592,float,8322500,45.02,8325000,45.01
282066944,70516736,float,8343900,45.07,8342700,45.08
283115520,70778880,float,8380100,45.05,8379799,45.05
284164096,71041024,float,8409000,45.06,8408100,45.06
285212672,71303168,float,8444500,45.03,8431300,45.10
286261248,71565312,float,8473700,45.04,8479500,45.01
287309824,71827456,float,8503400,45.05,8495200,45.09
288358400,72089600,float,8535100,45.05,8530200,45.07
289406976,72351744,float,8565800,45.05,8564900,45.05
290455552,72613888,float,8578800,45.14,8590200,45.08
291504128,72876032,float,8625200,45.06,8625200,45.06
292552704,73138176,float,8651400,45.09,8648700,45.10
293601280,73400320,float,8686600,45.07,8692600,45.03
294649856,73662464,float,8723000,45.04,8715800,45.08
295698432,73924608,float,8742300,45.10,8747200,45.07
296747008,74186752,float,8772000,45.11,8778000,45.07
297795584,74448896,float,8813200,45.05,8807200,45.08
298844160,74711040,float,8841400,45.07,8839000,45.08
299892736,74973184,float,8871200,45.07,8868800,45.09
300941312,75235328,float,8896800,45.10,8892300,45.12
301989888,75497472,float,8935000,45.06,8937000,45.05
303038464,75759616,float,8977200,45.01,8976500,45.01
304087040,76021760,float,8993400,45.08,8999000,45.05
305135616,76283904,float,9025900,45.08,9033800,45.04
306184192,76546048,float,9062700,45.05,9060500,45.06
307232768,76808192,float,9094700,45.04,9086400,45.08
308281344,77070336,float,9122000,45.06,9124000,45.05
309329920,77332480,float,9133700,45.16,9158200,45.04
310378496,77594624,float,9187500,45.04,9184600,45.06
311427072,77856768,float,9212200,45.07,9206200,45.10
312475648,78118912,float,9235400,45.11,9235000,45.11
313524224,78381056,float,9278100,45.06,9274100,45.08
314572800,78643200,float,9298500,45.11,9304600,45.08
315621376,78905344,float,9333100,45.09,9327400,45.12
316669952,79167488,float,9369500,45.06,9369200,45.07
317718528,79429632,float,9408000,45.03,9400300,45.06
318767104,79691776,float,9427900,45.08,9424700,45.10
319815680,79953920,float,9460600,45.07,9461800,45.07
320864256,80216064,float,9482400,45.12,9493800,45.06
321912832,80478208,float,9523100,45.07,9518300,45.09
322961408,80740352,float,9553900,45.07,9544700,45.12
324009984,81002496,float,9588700,45.05,9589700,45.05
325058560,81264640,float,9612600,45.09,9605000,45.12
326107136,81526784,float,9638400,45.11,9662000,45.00
327155712,81788928,float,9665700,45.13,9667000,45.12
328204288,82051072,float,9711300,45.06,9709100,45.07
329252864,82313216,float,9755000,45.00,9735200,45.09
330301440,82575360,float,9771700,45.07,9767400,45.09
331350016,82837504,float,9797100,45.09,9805800,45.06
332398592,83099648,float,9833700,45.07,9828400,45.09
333447168,83361792,float,9864600,45.07,9868600,45.05
334495744,83623936,float,9893300,45.08,9902700,45.04
335544320,83886080,float,9924700,45.08,9930700,45.05
336592896,84148224,float,9960500,45.06,9953300,45.09
337641472,84410368,float,9988700,45.07,9991800,45.06
338690048,84672512,float,10020000,45.07,10016000,45.09
339738624,84934656,float,10038000,45.13,10055000,45.05
340787200,85196800,float,10076000,45.10,10082000,45.07
341835776,85458944,float,10113000,45.07,10110000,45.08
342884352,85721088,float,10145000,45.06,10145000,45.06
343932928,85983232,float,10168000,45.10,10166000,45.11
344981504,86245376,float,10204000,45.08,10193000,45.12
346030080,86507520,float,10238000,45.07,10244000,45.04
347078656,86769664,float,10260000,45.11,10261000,45.10
348127232,87031808,float,10288000,45.12,10298000,45.07
349175808,87293952,float,10325000,45.09,10330000,45.07
350224384,87556096,float,10354000,45.10,10357000,45.09
351272960,87818240,float,10378000,45.13,10380000,45.12
352321536,88080384,float,10416000,45.10,10421000,45.08
353370112,88342528,float,10453000,45.07,10460000,45.04
354418688,88604672,float,10481000,45.09,10491000,45.04
355467264,88866816,float,10509000,45.10,10521000,45.05
356515840,89128960,float,10549000,45.06,10545000,45.08
357564416,89391104,float,10562000,45.14,10576000,45.08
358612992,89653248,float,10607000,45.08,10615000,45.04
359661568,89915392,float,10641000,45.07,10629000,45.12
360710144,90177536,float,10668000,45.08,10666000,45.09
361758720,90439680,float,10687000,45.14,10695000,45.10
362807296,90701824,float,10731000,45.08,10731000,45.08
363855872,90963968,float,10759000,45.09,10749000,45.13
364904448,91226112,float,10785000,45.11,10787000,45.10
365953024,91488256,float,10818000,45.11,10816000,45.11
367001600,91750400,float,10860000,45.06,10844000,45.13
368050176,92012544,float,10893000,45.05,10888000,45.07
369098752,92274688,float,10908000,45.12,10914000,45.09
370147328,92536832,float,10926000,45.17,10938000,45.12
371195904,92798976,float,10984000,45.06,10972000,45.11
372244480,93061120,float,11008000,45.09,11000000,45.12
373293056,93323264,float,11026000,45.14,11035000,45.10
374341632,93585408,float,11073000,45.08,11065000,45.11
375390208,93847552,float,11085000,45.15,11093000,45.12
376438784,94109696,float,11127000,45.11,11125000,45.12
377487360,94371840,float,11153000,45.13,11159000,45.10
378535936,94633984,float,11208000,45.03,11208000,45.03
379584512,94896128,float,11235000,45.05,11226000,45.08
380633088,95158272,float,11262000,45.06,11253000,45.10
381681664,95420416,float,11288000,45.08,11286000,45.09
382730240,95682560,float,11331000,45.04,11326000,45.06
383778816,95944704,float,11345000,45.10,11364000,45.03
384827392,96206848,float,11372000,45.12,11384000,45.07
385875968,96468992,float,11403000,45.12,11406000,45.11
386924544,96731136,float,11436000,45.11,11442000,45.09
387973120,96993280,float,11477000,45.07,11474000,45.09
389021696,97255424,float,11499000,45.11,11502000,45.09
390070272,97517568,float,11538000,45.08,11538000,45.08
391118848,97779712,float,11557000,45.12,11572000,45.07
392167424,98041856,float,11586000,45.13,11590000,45.12
393216000,98304000,float,11617000,45.13,11624000,45.10
394264576,98566144,float,11662000,45.08,11653000,45.11
395313152,98828288,float,11693000,45.08,11687000,45.10
396361728,99090432,float,11710000,45.13,11728000,45.06
397410304,99352576,float,11744000,45.12,11755000,45.08
398458880,99614720,float,11774000,45.12,11773000,45.13
399507456,99876864,float,11800000,45.14,11806000,45.12
400556032,100139008,float,11848000,45.08,11845000,45.09
401604608,100401152,float,11863000,45.14,11862000,45.14
402653184,100663296,float,11907000,45.09,11897000,45.12
403701760,100925440,float,11935000,45.10,11946000,45.06
404750336,101187584,float,11970000,45.09,11972000,45.08
405798912,101449728,float,12001000,45.09,12009000,45.06
406847488,101711872,float,12028000,45.10,12031000,45.09
407896064,101974016,float,12055000,45.11,12058000,45.10
408944640,102236160,float,12102000,45.06,12092000,45.09
409993216,102498304,float,12108000,45.15,12120000,45.10
411041792,102760448,float,12148000,45.11,12142000,45.14
412090368,103022592,float,12178000,45.12,12185000,45.09
413138944,103284736,float,12212000,45.11,12201000,45.15
414187520,103546880,float,12238000,45.13,12248000,45.09
415236096,103809024,float,12274000,45.11,12275000,45.10
416284672,104071168,float,12306000,45.10,12301000,45.12
417333248,104333312,float,12318000,45.17,12328000,45.14
418381824,104595456,float,12355000,45.15,12372000,45.09
419430400,104857600,float,12393000,45.13,12394000,45.12
420478976,105119744,float,12437000,45.08,12429000,45.11
421527552,105381888,float,12453000,45.13,12461000,45.11
422576128,105644032,float,12497000,45.09,12499000,45.08
423624704,105906176,float,12512000,45.14,12526000,45.09
424673280,106168320,float,12531000,45.19,12544000,45.14
425721856,106430464,float,12588000,45.09,12578000,45.13
426770432,106692608,float,12616000,45.10,12611000,45.12
427819008,106954752,float,12645000,45.11,12654000,45.08
428867584,107216896,float,12678000,45.10,12683000,45.09
429916160,107479040,float,12711000,45.10,12723000,45.06
430964736,107741184,float,12755000,45.05,12753000,45.06
432013312,108003328,float,12772000,45.10,12777000,45.08
433061888,108265472,float,12801000,45.11,12794000,45.13
434110464,108527616,float,12841000,45.07,12830000,45.11
435159040,108789760,float,12850000,45.15,12858000,45.13
436207616,109051904,float,12893000,45.11,12897000,45.10
437256192,109314048,float,12929000,45.09,12928000,45.10
438304768,109576192,float,12946000,45.14,12955000,45.11
439353344,109838336,float,12980000,45.13,12993000,45.09
440401920,110100480,float,13020000,45.10,13021000,45.10
441450496,110362624,float,13051000,45.10,13040000,45.14
442499072,110624768,float,13081000,45.10,13087000,45.08
443547648,110886912,float,13118000,45.08,13113000,45.10
444596224,111149056,float,13158000,45.05,13138000,45.12
445644800,111411200,float,13169000,45.12,13189000,45.05
446693376,111673344,float,13189000,45.16,13204000,45.11
447741952,111935488,float,13224000,45.14,13233000,45.11
448790528,112197632,float,13258000,45.13,13258000,45.13
449839104,112459776,float,13291000,45.13,13293000,45.12
450887680,112721920,float,13318000,45.14,13329000,45.10
451936256,112984064,float,13343000,45.16,13373000,45.06
452984832,113246208,float,13392000,45.10,13392000,45.10
454033408,113508352,float,13435000,45.06,13432000,45.07
455081984,113770496,float,13461000,45.08,13459000,45.08
456130560,114032640,float,13473000,45.14,13488000,45.09
457179136,114294784,float,13522000,45.08,13522000,45.08
458227712,114556928,float,13545000,45.11,13555000,45.07
459276288,114819072,float,13575000,45.11,13563000,45.15
460324864,115081216,float,13621000,45.06,13598000,45.14
461373440,115343360,float,13642000,45.09,13639000,45.10
462422016,115605504,float,13670000,45.10,13675000,45.09
463470592,115867648,float,13703000,45.10,13702000,45.10
464519168,116129792,float,13725000,45.13,13727000,45.12
465567744,116391936,float,13767000,45.09,13753000,45.14
466616320,116654080,float,13797000,45.09,13793000,45.11
467664896,116916224,float,13819000,45.12,13827000,45.10
468713472,117178368,float,13867000,45.07,13852000,45.12
469762048,117440512,float,13882000,45.12,13882000,45.12
470810624,117702656,float,13912000,45.12,13920000,45.10
471859200,117964800,float,13952000,45.09,13951000,45.10
472907776,118226944,float,13977000,45.11,13982000,45.10
473956352,118489088,float,14013000,45.10,14000000,45.14
475004928,118751232,float,14027000,45.15,14037000,45.12
476053504,119013376,float,14067000,45.12,14072000,45.11
477102080,119275520,float,14097000,45.13,14097000,45.13
478150656,119537664,float,14128000,45.13,14125000,45.13
479199232,119799808,float,14158000,45.13,14181000,45.05
480247808,120061952,float,14203000,45.08,14210000,45.06
481296384,120324096,float,14225000,45.11,14236000,45.08
482344960,120586240,float,14254000,45.12,14250000,45.13
483393536,120848384,float,14292000,45.10,14297000,45.08
484442112,121110528,float,14316000,45.12,14319000,45.11
485490688,121372672,float,14344000,45.13,14342000,45.14
486539264,121634816,float,14379000,45.12,14389000,45.09
487587840,121896960,float,14405000,45.13,14404000,45.13
488636416,122159104,float,14433000,45.14,14429000,45.15
489684992,122421248,float,14458000,45.16,14466000,45.13
490733568,122683392,float,14500000,45.13,14511000,45.09
491782144,122945536,float,14522000,45.15,14533000,45.12
492830720,123207680,float,14562000,45.12,14563000,45.12
493879296,123469824,float,14595000,45.12,14600000,45.10
494927872,123731968,float,14620000,45.14,14629000,45.11
495976448,123994112,float,14663000,45.10,14654000,45.13
497025024,124256256,float,14684000,45.13,14696000,45.09
498073600,124518400,float,14703000,45.17,14729000,45.09
499122176,124780544,float,14761000,45.08,14743000,45.14
500170752,125042688,float,14773000,45.14,14771000,45.15
501219328,125304832,float,14808000,45.13,14815000,45.11
502267904,125566976,float,14841000,45.12,14835000,45.14
503316480,125829120,float,14860000,45.16,14871000,45.13
504365056,126091264,float,14920000,45.07,14929000,45.05
505413632,126353408,float,14943000,45.10,14945000,45.09
506462208,126615552,float,14975000,45.09,14977000,45.09
507510784,126877696,float,14991000,45.14,14996000,45.12
508559360,127139840,float,15037000,45.09,15042000,45.08
509607936,127401984,float,15061000,45.11,15057000,45.13
510656512,127664128,float,15103000,45.08,15092000,45.11
511705088,127926272,float,15124000,45.11,15119000,45.13
512753664,128188416,float,15156000,45.11,15166000,45.08
513802240,128450560,float,15178000,45.14,15204000,45.06
514850816,128712704,float,15225000,45.09,15215000,45.12
515899392,128974848,float,15239000,45.14,15261000,45.07
516947968,129236992,float,15263000,45.16,15287000,45.09
517996544,129499136,float,15314000,45.10,15317000,45.09
519045120,129761280,float,15332000,45.14,15334000,45.13
520093696,130023424,float,15361000,45.14,15374000,45.11
521142272,130285568,float,15406000,45.10,15389000,45.15
522190848,130547712,float,15438000,45.10,15444000,45.08
523239424,130809856,float,15465000,45.11,15476000,45.08
524288000,131072000,float,15496000,45.11,15511000,45.07
525336576,131334144,float,15521000,45.13,15533000,45.09
526385152,131596288,float,15550000,45.14,15560000,45.11
527433728,131858432,float,15584000,45.13,15602000,45.07
528482304,132120576,float,15613000,45.13,15614000,45.13
529530880,132382720,float,15654000,45.10,15654000,45.10
530579456,132644864,float,15685000,45.10,15690000,45.09
531628032,132907008,float,15727000,45.07,15702000,45.14
532676608,133169152,float,15753000,45.09,15744000,45.11
533725184,133431296,float,15782000,45.09,15778000,45.10
534773760,133693440,float,15800000,45.13,15808000,45.11
535822336,133955584,float,15843000,45.09,15839000,45.11
536870912,134217728,float,15865000,45.12,15875000,45.09
537919488,134479872,float,15899000,45.11,15901000,45.11
538968064,134742016,float,15945000,45.07,15934000,45.10
540016640,135004160,float,15963000,45.11,15968000,45.09
541065216,135266304,float,16008000,45.07,16007000,45.07
542113792,135528448,float,16019000,45.12,16014000,45.14
543162368,135790592,float,16045000,45.14,16048000,45.13
544210944,136052736,float,16087000,45.11,16073000,45.14
545259520,136314880,float,16115000,45.11,16113000,45.12
546308096,136577024,float,16136000,45.14,16152000,45.10
547356672,136839168,float,16187000,45.09,16185000,45.09
548405248,137101312,float,16198000,45.14,16200000,45.13
549453824,137363456,float,16239000,45.12,16256000,45.07
550502400,137625600,float,16278000,45.09,16275000,45.10
551550976,137887744,float,16308000,45.10,16292000,45.14
552599552,138149888,float,16322000,45.14,16321000,45.14
553648128,138412032,float,16372000,45.09,16362000,45.12
554696704,138674176,float,16399000,45.10,16405000,45.08
555745280,138936320,float,16430000,45.10,16429000,45.10
556793856,139198464,float,16452000,45.12,16451000,45.13
557842432,139460608,float,16478000,45.14,16513000,45.04
558891008,139722752,float,16521000,45.11,16526000,45.09
559939584,139984896,float,16554000,45.10,16544000,45.13
560988160,140247040,float,16587000,45.09,16583000,45.11
562036736,140509184,float,16607000,45.12,16619000,45.09
563085312,140771328,float,16654000,45.08,16645000,45.11
564133888,141033472,float,16683000,45.09,16682000,45.09
565182464,141295616,float,16716000,45.08,16711000,45.09
566231040,141557760,float,16736000,45.11,16720000,45.15
567279616,141819904,float,16765000,45.12,16769000,45.11
568328192,142082048,float,16788000,45.14,16804000,45.09
569376768,142344192,float,16816000,45.15,16838000,45.09
570425344,142606336,float,16864000,45.10,16862000,45.10
571473920,142868480,float,16879000,45.14,16887000,45.12
572522496,143130624,float,16907000,45.15,16915000,45.13
573571072,143392768,float,16939000,45.15,16932000,45.17
574619648,143654912,float,16982000,45.12,16980000,45.12
575668224,143917056,float,17000000,45.15,17006000,45.14
576716800,144179200,float,17035000,45.14,17050000,45.10
577765376,144441344,float,17081000,45.10,17077000,45.11
578813952,144703488,float,17092000,45.15,17103000,45.12
579862528,144965632,float,17155000,45.07,17145000,45.09
580911104,145227776,float,17160000,45.14,17160000,45.14
581959680,145489920,float,17207000,45.10,17206000,45.10
583008256,145752064,float,17242000,45.09,17247000,45.07
584056832,146014208,float,17256000,45.13,17260000,45.12
585105408,146276352,float,17303000,45.09,17304000,45.08
586153984,146538496,float,17320000,45.12,17335000,45.08
587202560,146800640,float,17343000,45.14,17346000,45.14
588251136,147062784,float,17378000,45.13,17398000,45.08
589299712,147324928,float,17406000,45.14,17409000,45.13
590348288,147587072,float,17448000,45.11,17458000,45.09
591396864,147849216,float,17472000,45.13,17469000,45.14
592445440,148111360,float,17501000,45.13,17523000,45.08
593494016,148373504,float,17537000,45.12,17544000,45.11
594542592,148635648,float,17567000,45.13,17568000,45.12
595591168,148897792,float,17591000,45.14,17597000,45.13
596639744,149159936,float,17628000,45.13,17626000,45.13
597688320,149422080,float,17657000,45.13,17675000,45.09
598736896,149684224,float,17686000,45.14,17692000,45.12
599785472,149946368,float,17728000,45.11,17735000,45.09
600834048,150208512,float,17762000,45.10,17737000,45.17
601882624,150470656,float,17789000,45.11,17776000,45.15
602931200,150732800,float,17815000,45.13,17815000,45.13
603979776,150994944,float,17839000,45.14,17849000,45.12
605028352,151257088,float,17896000,45.08,17897000,45.08
606076928,151519232,float,17919000,45.10,17919000,45.10
607125504,151781376,float,17947000,45.11,17951000,45.09
608174080,152043520,float,17973000,45.12,17974000,45.11
609222656,152305664,float,17990000,45.15,18015000,45.09
610271232,152567808,float,18044000,45.10,18047000,45.09
611319808,152829952,float,18076000,45.09,18082000,45.08
612368384,153092096,float,18107000,45.09,18089000,45.14
613416960,153354240,float,18129000,45.11,18130000,45.11
614465536,153616384,float,18169000,45.09,18170000,45.09
615514112,153878528,float,18190000,45.12,18193000,45.11
616562688,154140672,float,18203000,45.16,18225000,45.11
617611264,154402816,float,18260000,45.10,18254000,45.11
618659840,154664960,float,18277000,45.13,18286000,45.11
619708416,154927104,float,18320000,45.10,18320000,45.10
620756992,155189248,float,18348000,45.11,18355000,45.09
621805568,155451392,float,18394000,45.07,18349000,45.18
622854144,155713536,float,18389000,45.16,18414000,45.10
623902720,155975680,float,18425000,45.15,18432000,45.13
624951296,156237824,float,18468000,45.12,18469000,45.12
625999872,156499968,float,18497000,45.12,18486000,45.15
627048448,156762112,float,18515000,45.16,18531000,45.12
628097024,157024256,float,18563000,45.11,18563000,45.11
629145600,157286400,float,18579000,45.15,18599000,45.10
630194176,157548544,float,18633000,45.10,18649000,45.06
631242752,157810688,float,18653000,45.12,18665000,45.09
632291328,158072832,float,18690000,45.11,18689000,45.11
633339904,158334976,float,18721000,45.11,18736000,45.07
634388480,158597120,float,18759000,45.09,18767000,45.07
635437056,158859264,float,18781000,45.11,18779000,45.12
636485632,159121408,float,18827000,45.08,18809000,45.12
637534208,159383552,float,18861000,45.07,18845000,45.11
638582784,159645696,float,18868000,45.13,18873000,45.11
639631360,159907840,float,18909000,45.10,18909000,45.10
640679936,160169984,float,18944000,45.09,18930000,45.13
641728512,160432128,float,18957000,45.14,18957000,45.14
642777088,160694272,float,19004000,45.10,18978000,45.16
643825664,160956416,float,19022000,45.13,19028000,45.12
644874240,161218560,float,19060000,45.11,19048000,45.14
645922816,161480704,float,19091000,45.11,19081000,45.14
646971392,161742848,float,19125000,45.10,19112000,45.13
648019968,162004992,float,19144000,45.13,19153000,45.11
649068544,162267136,float,19170000,45.15,19172000,45.14
650117120,162529280,float,19211000,45.12,19220000,45.10
651165696,162791424,float,19243000,45.12,19242000,45.12
652214272,163053568,float,19266000,45.14,19278000,45.11
653262848,163315712,float,19290000,45.15,19305000,45.12
654311424,163577856,float,19317000,45.16,19351000,45.08
655360000,163840000,float,19369000,45.11,19367000,45.12
656408576,164102144,float,19401000,45.11,19408000,45.10
657457152,164364288,float,19424000,45.13,19430000,45.12
658505728,164626432,float,19476000,45.08,19471000,45.09
659554304,164888576,float,19492000,45.12,19496000,45.11
660602880,165150720,float,19535000,45.09,19522000,45.12
661651456,165412864,float,19556000,45.11,19562000,45.10
662700032,165675008,float,19592000,45.10,19579000,45.13
663748608,165937152,float,19637000,45.07,19620000,45.11
664797184,166199296,float,19667000,45.07,19640000,45.13
665845760,166461440,float,19676000,45.12,19695000,45.08
666894336,166723584,float,19688000,45.16,19711000,45.11
667942912,166985728,float,19724000,45.15,19751000,45.09
668991488,167247872,float,19768000,45.12,19771000,45.12
670040064,167510016,float,19802000,45.12,19808000,45.10
671088640,167772160,float,19817000,45.15,19827000,45.13
672137216,168034304,float,19852000,45.14,19861000,45.12
673185792,168296448,float,19866000,45.18,19878000,45.15
674234368,168558592,float,19923000,45.12,19918000,45.13
675282944,168820736,float,19956000,45.12,19948000,45.14
676331520,169082880,float,19963000,45.17,19982000,45.13
677380096,169345024,float,20010000,45.14,20007000,45.14
678428672,169607168,float,20040000,45.14,20055000,45.10
679477248,169869312,float,20089000,45.10,20074000,45.13
680525824,170131456,float,20104000,45.13,20118000,45.10
681574400,170393600,float,20148000,45.10,20154000,45.09
682622976,170655744,float,20173000,45.12,20178000,45.11
683671552,170917888,float,20226000,45.07,20204000,45.12
684720128,171180032,float,20245000,45.10,20246000,45.09
685768704,171442176,float,20280000,45.09,20279000,45.09
686817280,171704320,float,20300000,45.11,20302000,45.11
687865856,171966464,float,20317000,45.14,20344000,45.08
688914432,172228608,float,20355000,45.13,20381000,45.07
689963008,172490752,float,20388000,45.12,20397000,45.10
691011584,172752896,float,20423000,45.11,20425000,45.11
692060160,173015040,float,20445000,45.13,20441000,45.14
693108736,173277184,float,20469000,45.15,20491000,45.10
694157312,173539328,float,20516000,45.11,20531000,45.08
695205888,173801472,float,20537000,45.13,20557000,45.09
696254464,174063616,float,20587000,45.09,20578000,45.11
697303040,174325760,float,20595000,45.14,20598000,45.14
698351616,174587904,float,20640000,45.11,20641000,45.11
699400192,174850048,float,20669000,45.12,20680000,45.09
700448768,175112192,float,20690000,45.14,20699000,45.12
701497344,175374336,float,20723000,45.14,20706000,45.17
702545920,175636480,float,20751000,45.14,20751000,45.14
703594496,175898624,float,20787000,45.13,20801000,45.10
704643072,176160768,float,20812000,45.14,20803000,45.16
705691648,176422912,float,20849000,45.13,20871000,45.08
706740224,176685056,float,20889000,45.11,20911000,45.06
707788800,176947200,float,20912000,45.13,20922000,45.11
708837376,177209344,float,20935000,45.14,20958000,45.10
709885952,177471488,float,20978000,45.12,20987000,45.10
710934528,177733632,float,20994000,45.15,21014000,45.11
711983104,177995776,float,21031000,45.14,21062000,45.07
713031680,178257920,float,21064000,45.13,21090000,45.08
714080256,178520064,float,21105000,45.11,21104000,45.11
715128832,178782208,float,21114000,45.16,21134000,45.12
716177408,179044352,float,21160000,45.13,21171000,45.10
717225984,179306496,float,21191000,45.13,21217000,45.07
718274560,179568640,float,21222000,45.13,21221000,45.13
719323136,179830784,float,21254000,45.13,21244000,45.15
720371712,180092928,float,21293000,45.11,21296000,45.10
721420288,180355072,float,21317000,45.12,21329000,45.10
722468864,180617216,float,21340000,45.14,21369000,45.08
723517440,180879360,float,21372000,45.14,21355000,45.17
724566016,181141504,float,21405000,45.13,21396000,45.15
725614592,181403648,float,21426000,45.15,21449000,45.11
726663168,181665792,float,21471000,45.12,21461000,45.15
727711744,181927936,float,21495000,45.14,21496000,45.14
728760320,182190080,float,21552000,45.09,21535000,45.12
729808896,182452224,float,21562000,45.13,21565000,45.12
730857472,182714368,float,21613000,45.09,21610000,45.09
731906048,182976512,float,21634000,45.11,21638000,45.10
732954624,183238656,float,21673000,45.09,21662000,45.12
734003200,183500800,float,21654000,45.20,21690000,45.12
735051776,183762944,float,21725000,45.11,21741000,45.08
736100352,184025088,float,21747000,45.13,21775000,45.07
737148928,184287232,float,21785000,45.12,21780000,45.13
738197504,184549376,float,21800000,45.15,21802000,45.15
739246080,184811520,float,21839000,45.13,21856000,45.10
740294656,185073664,float,21872000,45.13,21884000,45.11
741343232,185335808,float,21908000,45.12,21916000,45.10
742391808,185597952,float,21925000,45.15,21926000,45.15
743440384,185860096,float,21979000,45.10,21973000,45.11
744488960,186122240,float,22000000,45.12,22000000,45.12
745537536,186384384,float,22040000,45.10,22020000,45.14
746586112,186646528,float,22052000,45.14,22050000,45.15
747634688,186908672,float,22083000,45.14,22096000,45.11
748683264,187170816,float,22121000,45.13,22117000,45.13
749731840,187432960,float,22158000,45.11,22149000,45.13
750780416,187695104,float,22174000,45.15,22182000,45.13
751828992,187957248,float,22214000,45.13,22178000,45.20
752877568,188219392,float,22247000,45.12,22240000,45.14
753926144,188481536,float,22251000,45.18,22276000,45.13
754974720,188743680,float,22309000,45.12,22319000,45.10
756023296,189005824,float,22342000,45.12,22333000,45.14
757071872,189267968,float,22378000,45.11,22391000,45.08
758120448,189530112,float,22394000,45.14,22404000,45.12
759169024,189792256,float,22439000,45.11,22441000,45.11
760217600,190054400,float,22455000,45.14,22456000,45.14
761266176,190316544,float,22486000,45.14,22495000,45.12
762314752,190578688,float,22530000,45.11,22517000,45.14
763363328,190840832,float,22534000,45.17,22553000,45.13
764411904,191102976,float,22579000,45.14,22589000,45.12
765460480,191365120,float,22604000,45.15,22612000,45.14
766509056,191627264,float,22631000,45.16,22649000,45.12
767557632,191889408,float,22679000,45.13,22691000,45.10
768606208,192151552,float,22699000,45.15,22712000,45.12
769654784,192413696,float,22741000,45.13,22742000,45.12
770703360,192675840,float,22771000,45.13,22769000,45.13
771751936,192937984,float,22806000,45.12,22828000,45.08
772800512,193200128,float,22820000,45.15,22811000,45.17
773849088,193462272,float,22845000,45.16,22867000,45.12
774897664,193724416,float,22905000,45.11,22893000,45.13
775946240,193986560,float,22927000,45.13,22932000,45.12
776994816,194248704,float,22933000,45.17,22969000,45.10
778043392,194510848,float,22987000,45.13,22987000,45.13
779091968,194772992,float,23017000,45.13,23031000,45.10
780140544,195035136,float,23037000,45.15,23041000,45.14
781189120,195297280,float,23085000,45.12,23101000,45.09
782237696,195559424,float,23098000,45.15,23122000,45.11
783286272,195821568,float,23147000,45.12,23159000,45.10
784334848,196083712,float,23168000,45.14,23178000,45.12
785383424,196345856,float,23195000,45.15,23220000,45.10
786432000,196608000,float,23217000,45.16,23235000,45.13
787480576,196870144,float,23262000,45.14,23279000,45.10
788529152,197132288,float,23301000,45.12,23315000,45.09
789577728,197394432,float,23328000,45.13,23339000,45.11
790626304,197656576,float,23365000,45.12,23360000,45.13
791674880,197918720,float,23406000,45.10,23404000,45.10
792723456,198180864,float,23420000,45.13,23434000,45.10
793772032,198443008,float,23455000,45.12,23442000,45.15
794820608,198705152,float,23470000,45.15,23490000,45.12
795869184,198967296,float,23517000,45.12,23532000,45.09
796917760,199229440,float,23556000,45.11,23552000,45.11
797966336,199491584,float,23568000,45.14,23595000,45.09
799014912,199753728,float,23615000,45.11,23600000,45.14
800063488,200015872,float,23627000,45.15,23646000,45.11
801112064,200278016,float,23658000,45.15,23687000,45.10
802160640,200540160,float,23687000,45.15,23705000,45.12
803209216,200802304,float,23737000,45.12,23753000,45.09
804257792,201064448,float,23745000,45.16,23764000,45.12
805306368,201326592,float,23783000,45.15,23794000,45.13
806354944,201588736,float,23838000,45.10,23821000,45.13
807403520,201850880,float,23854000,45.13,23860000,45.12
808452096,202113024,float,23892000,45.12,23893000,45.11
809500672,202375168,float,23921000,45.12,23937000,45.09
810549248,202637312,float,23965000,45.10,23965000,45.10
811597824,202899456,float,23974000,45.14,23997000,45.09
812646400,203161600,float,24011000,45.13,24012000,45.12
813694976,203423744,float,24047000,45.12,24061000,45.09
814743552,203685888,float,24077000,45.12,24073000,45.13
815792128,203948032,float,24105000,45.12,24103000,45.13
816840704,204210176,float,24137000,45.12,24123000,45.15
817889280,204472320,float,24149000,45.16,24162000,45.13
818937856,204734464,float,24193000,45.13,24189000,45.14
819986432,204996608,float,24206000,45.17,24239000,45.11
821035008,205258752,float,24241000,45.16,24258000,45.13
822083584,205520896,float,24279000,45.15,24289000,45.13
823132160,205783040,float,24289000,45.18,24303000,45.16
824180736,206045184,float,24353000,45.12,24352000,45.13
825229312,206307328,float,24384000,45.12,24388000,45.12
826277888,206569472,float,24390000,45.17,24416000,45.12
827326464,206831616,float,24445000,45.13,24448000,45.12
828375040,207093760,float,24465000,45.15,24470000,45.14
829423616,207355904,float,24490000,45.16,24528000,45.09
830472192,207618048,float,24544000,45.11,24527000,45.15
831520768,207880192,float,24582000,45.10,24577000,45.11
832569344,208142336,float,24605000,45.12,24611000,45.11
833617920,208404480,float,24651000,45.09,24645000,45.10
834666496,208666624,float,24659000,45.13,24667000,45.12
835715072,208928768,float,24687000,45.14,24682000,45.15
836763648,209190912,float,24715000,45.14,24747000,45.08
837812224,209453056,float,24755000,45.12,24765000,45.11
838860800,209715200,float,24782000,45.13,24792000,45.11
839909376,209977344,float,24802000,45.15,24823000,45.12
840957952,210239488,float,24841000,45.14,24856000,45.11
842006528,210501632,float,24888000,45.11,24875000,45.13
843055104,210763776,float,24896000,45.15,24924000,45.10
844103680,211025920,float,24964000,45.08,24942000,45.12
845152256,211288064,float,24961000,45.15,24972000,45.13
846200832,211550208,float,25009000,45.11,25007000,45.12
847249408,211812352,float,25048000,45.10,25025000,45.14
848297984,212074496,float,25055000,45.14,25062000,45.13
849346560,212336640,float,25073000,45.17,25086000,45.14
850395136,212598784,float,25121000,45.14,25121000,45.14
851443712,212860928,float,25127000,45.18,25147000,45.15
852492288,213123072,float,25176000,45.15,25193000,45.12
853540864,213385216,float,25201000,45.16,25221000,45.12
854589440,213647360,float,25233000,45.16,25246000,45.13
855638016,213909504,float,25256000,45.17,25298000,45.10
856686592,214171648,float,25318000,45.12,25317000,45.12
857735168,214433792,float,25364000,45.09,25332000,45.15
858783744,214695936,float,25379000,45.12,25374000,45.13
859832320,214958080,float,25384000,45.16,25415000,45.11
860880896,215220224,float,25458000,45.09,25446000,45.11
861929472,215482368,float,25453000,45.15,25472000,45.12
862978048,215744512,float,25508000,45.11,25518000,45.09
864026624,216006656,float,25554000,45.08,25529000,45.13
865075200,216268800,float,25552000,45.14,25562000,45.12
866123776,216530944,float,25589000,45.13,25588000,45.13
867172352,216793088,float,25624000,45.12,25633000,45.11
868220928,217055232,float,25656000,45.12,25649000,45.13
869269504,217317376,float,25692000,45.11,25679000,45.13
870318080,217579520,float,25722000,45.11,25724000,45.11
871366656,217841664,float,25731000,45.15,25746000,45.13
872415232,218103808,float,25785000,45.11,25782000,45.12
873463808,218365952,float,25809000,45.13,25804000,45.13
874512384,218628096,float,25843000,45.12,25826000,45.15
875560960,218890240,float,25867000,45.13,25870000,45.13
876609536,219152384,float,25896000,45.13,25924000,45.09
877658112,219414528,float,25936000,45.12,25901000,45.18
878706688,219676672,float,25927000,45.19,25975000,45.10
879755264,219938816,float,25957000,45.19,26000000,45.12
880803840,220200960,float,26023000,45.13,26021000,45.13
881852416,220463104,float,26059000,45.12,26089000,45.07
882900992,220725248,float,26086000,45.13,26095000,45.11
883949568,220987392,float,26119000,45.12,26123000,45.12
884998144,221249536,float,26142000,45.14,26130000,45.16
886046720,221511680,float,26194000,45.10,26175000,45.13
887095296,221773824,float,26219000,45.11,26196000,45.15
888143872,222035968,float,26225000,45.16,26244000,45.12
889192448,222298112,float,26263000,45.14,26273000,45.13
890241024,222560256,float,26287000,45.16,26307000,45.12
891289600,222822400,float,26308000,45.17,26321000,45.15
892338176,223084544,float,26349000,45.15,26390000,45.09
893386752,223346688,float,26393000,45.13,26407000,45.11
894435328,223608832,float,26429000,45.12,26417000,45.14
895483904,223870976,float,26450000,45.14,26444000,45.15
896532480,224133120,float,26496000,45.12,26497000,45.11
897581056,224395264,float,26519000,45.13,26522000,45.12
898629632,224657408,float,26566000,45.10,26549000,45.13
899678208,224919552,float,26583000,45.13,26579000,45.13
900726784,225181696,float,26611000,45.13,26600000,45.15
901775360,225443840,float,26637000,45.14,26624000,45.16
902823936,225705984,float,26645000,45.18,26664000,45.15
903872512,225968128,float,26698000,45.14,26712000,45.12
904921088,226230272,float,26724000,45.15,26728000,45.14
905969664,226492416,float,26748000,45.16,26768000,45.13
907018240,226754560,float,26809000,45.11,26808000,45.11
908066816,227016704,float,26825000,45.13,26818000,45.15
909115392,227278848,float,26882000,45.09,26866000,45.12
910163968,227540992,float,26909000,45.10,26915000,45.09
911212544,227803136,float,26906000,45.15,26958000,45.07
912261120,228065280,float,26958000,45.12,26949000,45.13
913309696,228327424,float,26984000,45.13,27012000,45.08
914358272,228589568,float,26994000,45.16,26994000,45.16
915406848,228851712,float,27046000,45.13,27044000,45.13
916455424,229113856,float,27069000,45.14,27105000,45.08
917504000,229376000,float,27100000,45.14,27101000,45.14
918552576,229638144,float,27152000,45.11,27158000,45.10
919601152,229900288,float,27182000,45.11,27182000,45.11
920649728,230162432,float,27195000,45.14,27206000,45.12
921698304,230424576,float,27234000,45.12,27240000,45.12
922746880,230686720,float,27267000,45.12,27266000,45.12
923795456,230948864,float,27303000,45.11,27291000,45.13
924844032,231211008,float,27311000,45.15,27322000,45.13
925892608,231473152,float,27356000,45.13,27347000,45.14
926941184,231735296,float,27385000,45.13,27381000,45.14
927989760,231997440,float,27396000,45.16,27400000,45.16
929038336,232259584,float,27436000,45.15,27437000,45.15
930086912,232521728,float,27470000,45.15,27492000,45.11
931135488,232783872,float,27501000,45.14,27519000,45.11
932184064,233046016,float,27545000,45.12,27558000,45.10
933232640,233308160,float,27570000,45.13,27579000,45.12
934281216,233570304,float,27593000,45.15,27620000,45.10
935329792,233832448,float,27636000,45.13,27639000,45.12
936378368,234094592,float,27659000,45.14,27686000,45.09
937426944,234356736,float,27687000,45.14,27698000,45.13
938475520,234618880,float,27728000,45.13,27737000,45.11
939524096,234881024,float,27736000,45.16,27764000,45.12
940572672,235143168,float,27790000,45.13,27778000,45.15
941621248,235405312,float,27819000,45.13,27799000,45.16
942669824,235667456,float,27843000,45.14,27849000,45.13
943718400,235929600,float,27899000,45.10,27889000,45.12
944766976,236191744,float,27916000,45.12,27911000,45.13
945815552,236453888,float,27931000,45.15,27927000,45.16
946864128,236716032,float,27969000,45.14,27992000,45.10
947912704,236978176,float,27993000,45.15,28013000,45.12
948961280,237240320,float,28028000,45.14,28050000,45.11
950009856,237502464,float,28043000,45.17,28084000,45.10
951058432,237764608,float,28089000,45.15,28079000,45.16
952107008,238026752,float,28124000,45.14,28132000,45.13
953155584,238288896,float,28130000,45.18,28161000,45.13
954204160,238551040,float,28178000,45.15,28191000,45.13
955252736,238813184,float,28204000,45.16,28196000,45.17
956301312,239075328,float,28256000,45.13,28245000,45.14
957349888,239337472,float,28283000,45.13,28282000,45.13
958398464,239599616,float,28322000,45.12,28342000,45.09
959447040,239861760,float,28340000,45.14,28373000,45.09
960495616,240123904,float,28358000,45.16,28377000,45.13
961544192,240386048,float,28396000,45.15,28407000,45.13
962592768,240648192,float,28432000,45.14,28455000,45.10
963641344,240910336,float,28471000,45.13,28501000,45.08
964689920,241172480,float,28486000,45.15,28507000,45.12
965738496,241434624,float,28513000,45.16,28537000,45.12
966787072,241696768,float,28536000,45.17,28575000,45.11
967835648,241958912,float,28575000,45.16,28590000,45.14
968884224,242221056,float,28618000,45.14,28614000,45.15
969932800,242483200,float,28652000,45.14,28666000,45.11
970981376,242745344,float,28668000,45.16,28689000,45.13
972029952,243007488,float,28689000,45.18,28735000,45.10
973078528,243269632,float,28738000,45.15,28755000,45.12
974127104,243531776,float,28761000,45.16,28774000,45.14
975175680,243793920,float,28783000,45.17,28804000,45.14
976224256,244056064,float,28843000,45.13,28841000,45.13
977272832,244318208,float,28844000,45.17,28883000,45.11
978321408,244580352,float,28897000,45.14,28925000,45.10
979369984,244842496,float,28917000,45.16,28928000,45.14
980418560,245104640,float,28955000,45.15,28962000,45.14
981467136,245366784,float,28962000,45.18,28995000,45.13
982515712,245628928,float,29021000,45.14,29046000,45.10
983564288,245891072,float,29077000,45.10,29084000,45.09
984612864,246153216,float,29089000,45.13,29109000,45.10
985661440,246415360,float,29111000,45.15,29119000,45.13
986710016,246677504,float,29150000,45.13,29140000,45.15
987758592,246939648,float,29169000,45.15,29214000,45.08
988807168,247201792,float,29168000,45.20,29212000,45.13
989855744,247463936,float,29263000,45.10,29227000,45.16
990904320,247726080,float,29283000,45.12,29280000,45.12
991952896,247988224,float,29292000,45.15,29322000,45.11
993001472,248250368,float,29332000,45.14,29343000,45.12
994050048,248512512,float,29377000,45.12,29360000,45.14
995098624,248774656,float,29385000,45.15,29420000,45.10
996147200,249036800,float,29416000,45.15,29401000,45.18
997195776,249298944,float,29478000,45.10,29464000,45.13
998244352,249561088,float,29487000,45.14,29501000,45.12
999292928,249823232,float,29517000,45.14,29529000,45.12
1000341504,250085376,float,29541000,45.15,29549000,45.14
1001390080,250347520,float,29572000,45.15,29600000,45.11
1002438656,250609664,float,29597000,45.16,29600000,45.16
1003487232,250871808,float,29643000,45.14,29639000,45.14
1004535808,251133952,float,29666000,45.15,29647000,45.18
1005584384,251396096,float,29699000,45.15,29716000,45.12
1006632960,251658240,float,29755000,45.11,29756000,45.11
1007681536,251920384,float,29783000,45.11,29780000,45.12
1008730112,252182528,float,29799000,45.13,29827000,45.09
1009778688,252444672,float,29828000,45.14,29838000,45.12
1010827264,252706816,float,29870000,45.12,29866000,45.13
1011875840,252968960,float,29882000,45.15,29915000,45.10
1012924416,253231104,float,29927000,45.13,29908000,45.16
1013972992,253493248,float,29946000,45.15,29976000,45.10
1015021568,253755392,float,29984000,45.14,30002000,45.11
1016070144,254017536,float,30016000,45.14,30019000,45.13
1017118720,254279680,float,30044000,45.14,30039000,45.15
1018167296,254541824,float,30074000,45.14,30099000,45.10
1019215872,254803968,float,30109000,45.13,30102000,45.15
1020264448,255066112,float,30153000,45.12,30157000,45.11
1021313024,255328256,float,30172000,45.13,30178000,45.12
1022361600,255590400,float,30197000,45.14,30220000,45.11
1023410176,255852544,float,30231000,45.14,30246000,45.12
1024458752,256114688,float,30250000,45.16,30258000,45.14
1025507328,256376832,float,30302000,45.12,30300000,45.13
1026555904,256638976,float,30327000,45.13,30344000,45.11
1027604480,256901120,float,30354000,45.14,30376000,45.11
1028653056,257163264,float,30377000,45.15,30372000,45.16
1029701632,257425408,float,30436000,45.11,30439000,45.11
1030750208,257687552,float,30469000,45.11,30452000,45.13
1031798784,257949696,float,30479000,45.14,30473000,45.15
1032847360,258211840,float,30508000,45.14,30536000,45.10
1033895936,258473984,float,30550000,45.12,30555000,45.12
1034944512,258736128,float,30579000,45.13,30579000,45.13
1035993088,258998272,float,30599000,45.14,30617000,45.12
1037041664,259260416,float,30656000,45.10,30650000,45.11
1038090240,259522560,float,30688000,45.10,30697000,45.09
1039138816,259784704,float,30682000,45.16,30716000,45.11
1040187392,260046848,float,30768000,45.08,30759000,45.09
1041235968,260308992,float,30734000,45.17,30763000,45.13
1042284544,260571136,float,30808000,45.11,30792000,45.13
1043333120,260833280,float,30816000,45.14,30809000,45.15
1044381696,261095424,float,30853000,45.13,30842000,45.15
1045430272,261357568,float,30886000,45.13,30871000,45.15
1046478848,261619712,float,30917000,45.13,30904000,45.15
1047527424,261881856,float,30939000,45.14,30965000,45.11
1048576000,262144000,float,30964000,45.15,30981000,45.13
1049624576,262406144,float,31006000,45.14,30982000,45.17
1050673152,262668288,float,31045000,45.13,31037000,45.14
1051721728,262930432,float,31047000,45.17,31068000,45.14
1052770304,263192576,float,31098000,45.14,31117000,45.11
1053818880,263454720,float,31144000,45.12,31124000,45.14
1054867456,263716864,float,31148000,45.16,31172000,45.12
1055916032,263979008,float,31173000,45.16,31163000,45.18
1056964608,264241152,float,31203000,45.16,31225000,45.13
1058013184,264503296,float,31249000,45.14,31284000,45.09
1059061760,264765440,float,31275000,45.15,31293000,45.12
1060110336,265027584,float,31320000,45.13,31306000,45.15
1061158912,265289728,float,31344000,45.14,31341000,45.15
1062207488,265551872,float,31389000,45.12,31379000,45.13
1063256064,265814016,float,31412000,45.13,31432000,45.10
1064304640,266076160,float,31441000,45.14,31459000,45.11
1065353216,266338304,float,31487000,45.11,31480000,45.12
1066401792,266600448,float,31504000,45.13,31499000,45.14
1067450368,266862592,float,31536000,45.13,31521000,45.15
1068498944,267124736,float,31560000,45.14,31575000,45.12
1069547520,267386880,float,31569000,45.17,31595000,45.14
1070596096,267649024,float,31631000,45.13,31633000,45.13
1071644672,267911168,float,31645000,45.15,31660000,45.13
1072693248,268173312,float,31698000,45.12,31694000,45.13
1073741824,268435456,float,31714000,45.14,31724000,45.13
