size(B),count,type,time(ns),busbw(GB/s),time(ns),busbw(GB/s)
1048576,262144,float,67260,23.38,65780,23.91
2097152,524288,float,95260,33.02,95200,33.04
3145728,786432,float,121600,38.80,121000,39.00
4194304,1048576,float,142100,44.28,141300,44.54
5242880,1310720,float,131600,59.78,131200,59.96
6291456,1572864,float,146300,64.50,144700,65.23
7340032,1835008,float,162700,67.69,160300,68.67
8388608,2097152,float,177800,70.78,177200,71.01
9437184,2359296,float,196000,72.23,196700,71.96
10485760,2621440,float,213700,73.60,212800,73.90
11534336,2883584,float,233500,74.10,234000,73.93
12582912,3145728,float,250600,75.33,250900,75.22
13631488,3407872,float,270700,75.52,273000,74.90
14680064,3670016,float,287200,76.67,287900,76.48
15728640,3932160,float,306700,76.93,307400,76.75
16777216,4194304,float,324200,77.63,325200,77.39
17825792,4456448,float,343600,77.82,344400,77.65
18874368,4718592,float,361500,78.32,362000,78.21
19922944,4980736,float,381000,78.44,382800,78.08
20971520,5242880,float,397900,79.06,409800,76.76
22020096,5505024,float,418600,78.90,418300,78.96
23068672,5767168,float,434800,79.59,436300,79.31
24117248,6029312,float,456200,79.31,454000,79.68
25165824,6291456,float,472200,79.94,472100,79.97
26214400,6553600,float,493100,79.74,492600,79.82
27262976,6815744,float,508200,80.47,508900,80.36
28311552,7077888,float,529600,80.19,531000,79.97
29360128,7340032,float,546300,80.61,545500,80.74
30408704,7602176,float,566800,80.47,565500,80.65
31457280,7864320,float,582400,81.02,581600,81.13
32505856,8126464,float,602400,80.94,602900,80.88
33554432,8388608,float,618400,81.38,619400,81.26
34603008,8650752,float,639600,81.15,640300,81.06
35651584,8912896,float,655400,81.60,655400,81.59
36700160,9175040,float,674400,81.63,676400,81.39
37748736,9437184,float,690500,82.01,692800,81.73
38797312,9699328,float,711800,81.76,711900,81.75
39845888,9961472,float,729100,81.97,728500,82.04
40894464,10223616,float,747200,82.09,748500,81.96
41943040,10485760,float,765700,82.16,766500,82.08
42991616,10747904,float,782700,82.39,786900,81.95
44040192,11010048,float,803300,82.24,799600,82.62
45088768,11272192,float,822200,82.26,822300,82.25
46137344,11534336,float,837000,82.69,840600,82.32
47185920,11796480,float,859200,82.38,860100,82.29
48234496,12058624,float,875200,82.66,874400,82.75
49283072,12320768,float,896500,82.46,895400,82.56
50331648,12582912,float,909500,83.01,910400,82.93
51380224,12845056,float,930500,82.83,930000,82.88
52428800,13107200,float,983200,79.99,948900,82.88
53477376,13369344,float,969600,82.73,967800,82.88
54525952,13631488,float,983800,83.13,983200,83.19
55574528,13893632,float,1004300,83.01,1004000,83.03
56623104,14155776,float,1020200,83.25,1020400,83.24
57671680,14417920,float,1041900,83.03,1041099,83.09
58720256,14680064,float,1057800,83.27,1057900,83.26
59768832,14942208,float,1077700,83.19,1079600,83.04
60817408,15204352,float,1093600,83.42,1092300,83.52
61865984,15466496,float,1116000,83.15,1113800,83.32
62914560,15728640,float,1128500,83.63,1129000,83.59
63963136,15990784,float,1150600,83.39,1150100,83.42
65011712,16252928,float,1166700,83.59,1168400,83.46
66060288,16515072,float,1186800,83.49,1187400,83.45
67108864,16777216,float,1202100,83.74,1201800,83.76
68157440,17039360,float,1243100,82.24,1243600,82.21
69206016,17301504,float,1255200,82.70,1255000,82.71
70254592,17563648,float,1272800,82.79,1271700,82.87
71303168,17825792,float,1287100,83.10,1287700,83.06
72351744,18087936,float,1306200,83.08,1301200,83.41
73400320,18350080,float,1319900,83.41,1318900,83.48
74448896,18612224,float,1337300,83.51,1335400,83.62
75497472,18874368,float,1351200,83.81,1349600,83.91
76546048,19136512,float,1364900,84.13,1365300,84.10
77594624,19398656,float,1377800,84.48,1378700,84.42
78643200,19660800,float,1397900,84.38,1395500,84.53
79691776,19922944,float,1410200,84.76,1409500,84.81
80740352,20185088,float,1429900,84.70,1430400,84.67
81788928,20447232,float,1447100,84.78,1446800,84.80
82837504,20709376,float,1470400,84.51,1468800,84.60
83886080,20971520,float,1483900,84.80,1482000,84.91
84934656,21233664,float,1505700,84.61,1507200,84.53
85983232,21495808,float,1521600,84.76,1522700,84.70
87031808,21757952,float,1545200,84.48,1546100,84.44
88080384,22020096,float,1561500,84.61,1556900,84.86
89128960,22282240,float,1579000,84.67,1581900,84.51
90177536,22544384,float,1596000,84.76,1596000,84.75
91226112,22806528,float,1617200,84.61,1618900,84.53
92274688,23068672,float,1632000,84.81,1632200,84.80
93323264,23330816,float,1653900,84.64,1655900,84.54
94371840,23592960,float,1669700,84.78,1668200,84.86
95420416,23855104,float,1689400,84.72,1693300,84.53
96468992,24117248,float,1706200,84.81,1706000,84.82
97517568,24379392,float,1730000,84.55,1730800,84.51
98566144,24641536,float,1746000,84.68,1744500,84.75
99614720,24903680,float,1767500,84.54,1766900,84.57
100663296,25165824,float,1779100,84.87,1781000,84.78
101711872,25427968,float,1799100,84.80,1802800,84.63
102760448,25690112,float,1817100,84.83,1815200,84.92
103809024,25952256,float,1837600,84.74,1839500,84.65
104857600,26214400,float,1851000,84.97,1850700,84.99
105906176,26476544,float,1876300,84.66,1876500,84.66
106954752,26738688,float,1890300,84.87,1891400,84.82
108003328,27000832,float,1912900,84.69,1914700,84.61
109051904,27262976,float,1924900,84.98,1929900,84.76
110100480,27525120,float,1949900,84.69,1948900,84.74
111149056,27787264,float,1964800,84.86,1964900,84.85
112197632,28049408,float,1985400,84.77,1987300,84.69
113246208,28311552,float,1998700,84.99,1999900,84.94
114294784,28573696,float,2022200,84.78,2024700,84.68
115343360,28835840,float,2035700,84.99,2038900,84.86
116391936,29097984,float,2057100,84.87,2057400,84.86
117440512,29360128,float,2071900,85.02,2076100,84.85
118489088,29622272,float,2097100,84.75,2095300,84.82
119537664,29884416,float,2110400,84.96,2109400,85.00
120586240,30146560,float,2130800,84.89,2138100,84.60
121634816,30408704,float,2147400,84.96,2147700,84.95
122683392,30670848,float,2167300,84.91,2167900,84.89
123731968,30932992,float,2178400,85.20,2176900,85.26
124780544,31195136,float,2199200,85.11,2202900,84.97
125829120,31457280,float,2216800,85.14,2213100,85.29
126877696,31719424,float,2236200,85.11,2240100,84.96
127926272,31981568,float,2251000,85.25,2251900,85.21
128974848,32243712,float,2274700,85.05,2277700,84.94
130023424,32505856,float,2287100,85.28,2290600,85.14
131072000,32768000,float,2311600,85.05,2310300,85.10
132120576,33030144,float,2325700,85.21,2328100,85.13
133169152,33292288,float,2347500,85.09,2345700,85.16
134217728,33554432,float,2364800,85.13,2360000,85.31
135266304,33816576,float,2411300,84.14,2412400,84.11
136314880,34078720,float,2429000,84.18,2430300,84.13
137363456,34340864,float,2453600,83.98,2452500,84.01
138412032,34603008,float,2467900,84.13,2469600,84.07
139460608,34865152,float,2488600,84.06,2488600,84.06
140509184,35127296,float,2501500,84.25,2503800,84.18
141557760,35389440,float,2520600,84.24,2523300,84.15
142606336,35651584,float,2535400,84.37,2535500,84.37
143654912,35913728,float,2555000,84.34,2553900,84.37
144703488,36175872,float,2572500,84.38,2571600,84.40
145752064,36438016,float,2592500,84.33,2596900,84.19
146800640,36700160,float,2607400,84.45,2612300,84.29
147849216,36962304,float,2629600,84.34,2632600,84.24
148897792,37224448,float,2646000,84.41,2648400,84.33
149946368,37486592,float,2667500,84.32,2667100,84.33
150994944,37748736,float,2683500,84.40,2685900,84.33
152043520,38010880,float,2704300,84.33,2706400,84.27
153092096,38273024,float,2719400,84.44,2722900,84.34
154140672,38535168,float,2744200,84.25,2744400,84.25
155189248,38797312,float,2756200,84.46,2758700,84.38
156237824,39059456,float,2779000,84.33,2784000,84.18
157286400,39321600,float,2797200,84.35,2795800,84.39
158334976,39583744,float,2816300,84.33,2818200,84.27
159383552,39845888,float,2835600,84.31,2836900,84.27
160432128,40108032,float,2856800,84.24,2861300,84.10
161480704,40370176,float,2873500,84.30,2867600,84.47
162529280,40632320,float,2890400,84.35,2896600,84.17
163577856,40894464,float,2904200,84.49,2906700,84.41
164626432,41156608,float,2931500,84.24,2930700,84.26
165675008,41418752,float,2942900,84.44,2946800,84.33
166723584,41680896,float,2968300,84.25,2968800,84.24
167772160,41943040,float,2980300,84.44,2985900,84.28
168820736,42205184,float,3007000,84.22,3008200,84.18
169869312,42467328,float,3019400,84.39,3017400,84.45
170917888,42729472,float,3040300,84.33,3043600,84.24
171966464,42991616,float,3052900,84.49,3059700,84.31
173015040,43253760,float,3077300,84.33,3078600,84.30
174063616,43515904,float,3091500,84.46,3093400,84.40
175112192,43778048,float,3115300,84.32,3113300,84.37
176160768,44040192,float,3125500,84.54,3130200,84.42
177209344,44302336,float,3154500,84.27,3152800,84.31
178257920,44564480,float,3164500,84.50,3168100,84.40
179306496,44826624,float,3187300,84.39,3190200,84.31
180355072,45088768,float,3199800,84.55,3209300,84.30
181403648,45350912,float,3227200,84.32,3228800,84.27
182452224,45613056,float,3242700,84.40,3243800,84.37
183500800,45875200,float,3262600,84.37,3271200,84.14
184549376,46137344,float,3278100,84.45,3277100,84.47
185597952,46399488,float,3297100,84.44,3298200,84.41
186646528,46661632,float,3309400,84.60,3304900,84.71
187695104,46923776,float,3327400,84.61,3329400,84.56
188743680,47185920,float,3334500,84.90,3336400,84.86
189792256,47448064,float,3361300,84.69,3362500,84.66
190840832,47710208,float,3371100,84.92,3369700,84.95
191889408,47972352,float,3390200,84.90,3389700,84.91
192937984,48234496,float,3401900,85.07,3399800,85.12
193986560,48496640,float,3422200,85.03,3416800,85.16
195035136,48758784,float,3434300,85.19,3430100,85.29
196083712,49020928,float,3458200,85.05,3452900,85.18
197132288,49283072,float,3466300,85.31,3454500,85.60
198180864,49545216,float,3485000,85.30,3486600,85.26
199229440,49807360,float,3493200,85.55,3496500,85.47
200278016,50069504,float,3514100,85.49,3517600,85.40
201326592,50331648,float,3526400,85.64,3526300,85.64
202375168,50593792,float,3568700,85.06,3572200,84.98
203423744,50855936,float,3585100,85.11,3591100,84.97
204472320,51118080,float,3611600,84.92,3607100,85.03
205520896,51380224,float,3625200,85.04,3622000,85.11
206569472,51642368,float,3642100,85.08,3642900,85.06
207618048,51904512,float,3657300,85.15,3658700,85.12
208666624,52166656,float,3678300,85.09,3678300,85.09
209715200,52428800,float,3690700,85.23,3693900,85.16
210763776,52690944,float,3708900,85.24,3714900,85.10
211812352,52953088,float,3725500,85.28,3725200,85.29
212860928,53215232,float,3747000,85.21,3752100,85.10
213909504,53477376,float,3760500,85.32,3763100,85.27
214958080,53739520,float,3781100,85.28,3782800,85.24
216006656,54001664,float,3796800,85.34,3799900,85.27
217055232,54263808,float,3822600,85.17,3824900,85.12
218103808,54525952,float,3835500,85.30,3836800,85.27
219152384,54788096,float,3858700,85.19,3857400,85.22
220200960,55050240,float,3871100,85.32,3871500,85.32
221249536,55312384,float,3892200,85.27,3893600,85.23
222298112,55574528,float,3914200,85.19,3912700,85.22
223346688,55836672,float,3933400,85.17,3937100,85.09
224395264,56098816,float,3946600,85.29,3950400,85.21
225443840,56360960,float,3968800,85.21,3978200,85.00
226492416,56623104,float,3981400,85.33,3983800,85.28
227540992,56885248,float,4011300,85.09,4006600,85.19
228589568,57147392,float,4024200,85.21,4026600,85.15
229638144,57409536,float,4042600,85.21,4048600,85.08
230686720,57671680,float,4059700,85.23,4059400,85.24
231735296,57933824,float,4080300,85.19,4083700,85.12
232783872,58195968,float,4097100,85.23,4101899,85.13
233832448,58458112,float,4111399,85.31,4123500,85.06
234881024,58720256,float,4130399,85.30,4132500,85.26
235929600,58982400,float,4152800,85.22,4157300,85.13
236978176,59244544,float,4170200,85.24,4168300,85.28
238026752,59506688,float,4191100,85.19,4192000,85.17
239075328,59768832,float,4205200,85.28,4206100,85.26
240123904,60030976,float,4230200,85.15,4234700,85.05
241172480,60293120,float,4238400,85.35,4247100,85.18
242221056,60555264,float,4263900,85.21,4267900,85.13
243269632,60817408,float,4281800,85.22,4281000,85.24
244318208,61079552,float,4301100,85.21,4308700,85.06
245366784,61341696,float,4317200,85.25,4314600,85.30
246415360,61603840,float,4334200,85.28,4342600,85.12
247463936,61865984,float,4355300,85.23,4354000,85.25
248512512,62128128,float,4372000,85.26,4377200,85.16
249561088,62390272,float,4389300,85.28,4389900,85.27
250609664,62652416,float,4414100,85.16,4412600,85.19
251658240,62914560,float,4426900,85.27,4431400,85.18
252706816,63176704,float,4444400,85.29,4453200,85.12
253755392,63438848,float,4465300,85.24,4462100,85.30
254803968,63700992,float,4479900,85.32,4487600,85.17
255852544,63963136,float,4499200,85.30,4495400,85.37
256901120,64225280,float,4521700,85.22,4523500,85.19
257949696,64487424,float,4532000,85.38,4535600,85.31
258998272,64749568,float,4558600,85.22,4561700,85.17
260046848,65011712,float,4570700,85.34,4577000,85.22
261095424,65273856,float,4592000,85.29,4598700,85.16
262144000,65536000,float,4611400,85.27,4613500,85.23
263192576,65798144,float,4635300,85.17,4633500,85.20
264241152,66060288,float,4645100,85.33,4647600,85.28
265289728,66322432,float,4671400,85.18,4670000,85.21
266338304,66584576,float,4683800,85.29,4688100,85.22
267386880,66846720,float,4702400,85.29,4705100,85.24
268435456,67108864,float,4714000,85.42,4721100,85.29
269484032,67371008,float,4766900,84.80,4771900,84.71
270532608,67633152,float,4785400,84.80,4789200,84.73
271581184,67895296,float,4807100,84.74,4807200,84.74
272629760,68157440,float,4820700,84.83,4824300,84.77
273678336,68419584,float,4839600,84.82,4849500,84.65
274726912,68681728,float,4860500,84.78,4864100,84.72
275775488,68943872,float,4879600,84.77,4884000,84.70
276824064,69206016,float,4895800,84.81,4899900,84.74
277872640,69468160,float,4911000,84.87,4917800,84.75
278921216,69730304,float,4931800,84.83,4934600,84.79
279969792,69992448,float,4945900,84.91,4952200,84.80
281018368,70254592,float,4964100,84.91,4968500,84.84
282066944,70516736,float,4987100,84.84,4990900,84.78
283115520,70778880,float,5004800,84.85,5004100,84.87
284164096,71041024,float,5023600,84.85,5025300,84.82
285212672,71303168,float,5041300,84.86,5046100,84.78
286261248,71565312,float,5065600,84.77,5062800,84.81
287309824,71827456,float,5077600,84.88,5077700,84.87
288358400,72089600,float,5102600,84.77,5106900,84.70
289406976,72351744,float,5113200,84.90,5118300,84.82
290455552,72613888,float,5140500,84.76,5142700,84.72
291504128,72876032,float,5151100,84.89,5154600,84.83
292552704,73138176,float,5177700,84.75,5180500,84.71
293601280,73400320,float,5189000,84.87,5195000,84.77
294649856,73662464,float,5212200,84.80,5218900,84.69
295698432,73924608,float,5224700,84.89,5228300,84.84
296747008,74186752,float,5248800,84.80,5260700,84.61
297795584,74448896,float,5267000,84.81,5268100,84.79
298844160,74711040,float,5283700,84.84,5291400,84.72
299892736,74973184,float,5303600,84.82,5304700,84.80
300941312,75235328,float,5331800,84.66,5329200,84.71
301989888,75497472,float,5341200,84.81,5341100,84.81
303038464,75759616,float,5361600,84.78,5365200,84.72
304087040,76021760,float,5378700,84.80,5378200,84.81
305135616,76283904,float,5398600,84.78,5400500,84.75
306184192,76546048,float,5414100,84.83,5414700,84.82
307232768,76808192,float,5436800,84.76,5434000,84.81
308281344,77070336,float,5446500,84.90,5445800,84.91
309329920,77332480,float,5468100,84.86,5466500,84.88
310378496,77594624,float,5481800,84.93,5474100,85.05
311427072,77856768,float,5500000,84.93,5495700,85.00
312475648,78118912,float,5510700,85.06,5512800,85.02
313524224,78381056,float,5529800,85.05,5532600,85.00
314572800,78643200,float,5540300,85.17,5556100,84.93
315621376,78905344,float,5563500,85.10,5565300,85.07
316669952,79167488,float,5579500,85.13,5576600,85.18
317718528,79429632,float,5597500,85.14,5603900,85.04
318767104,79691776,float,5605900,85.29,5607600,85.27
319815680,79953920,float,5620200,85.36,5624900,85.28
320864256,80216064,float,5638300,85.36,5638500,85.36
321912832,80478208,float,5656500,85.37,5653600,85.41
322961408,80740352,float,5666400,85.49,5665300,85.51
324009984,81002496,float,5690200,85.41,5688200,85.44
325058560,81264640,float,5699900,85.54,5696500,85.59
326107136,81526784,float,5718800,85.53,5718900,85.53
327155712,81788928,float,5732700,85.60,5732200,85.61
328204288,82051072,float,5754500,85.55,5751100,85.60
329252864,82313216,float,5761400,85.72,5761700,85.72
330301440,82575360,float,5784100,85.66,5785400,85.64
331350016,82837504,float,5793300,85.79,5796200,85.75
332398592,83099648,float,5818200,85.70,5823300,85.62
333447168,83361792,float,5833800,85.74,5837700,85.68
334495744,83623936,float,5855200,85.69,5861800,85.59
335544320,83886080,float,5865000,85.82,5877800,85.63
336592896,84148224,float,5924100,85.23,5924800,85.22
337641472,84410368,float,5942600,85.23,5940500,85.26
338690048,84672512,float,5958300,85.27,5964000,85.18
339738624,84934656,float,5973300,85.31,5980500,85.21
340787200,85196800,float,5994000,85.28,6001500,85.17
341835776,85458944,float,6020500,85.17,6020100,85.17
342884352,85721088,float,6026100,85.35,6034100,85.24
343932928,85983232,float,6049700,85.28,6056000,85.19
344981504,86245376,float,6067000,85.29,6073500,85.20
346030080,86507520,float,6081700,85.35,6086300,85.28
347078656,86769664,float,6103200,85.30,6102000,85.32
348127232,87031808,float,6120100,85.32,6123200,85.28
349175808,87293952,float,6136500,85.35,6140600,85.29
350224384,87556096,float,6152400,85.39,6158800,85.30
351272960,87818240,float,6181600,85.24,6178100,85.29
352321536,88080384,float,6190600,85.37,6191200,85.36
353370112,88342528,float,6214800,85.29,6212800,85.32
354418688,88604672,float,6230700,85.32,6236800,85.24
355467264,88866816,float,6253300,85.27,6252900,85.27
356515840,89128960,float,6268600,85.31,6269900,85.29
357564416,89391104,float,6290200,85.27,6295900,85.19
358612992,89653248,float,6303300,85.34,6303900,85.33
359661568,89915392,float,6326000,85.28,6326100,85.28
360710144,90177536,float,6346000,85.26,6346500,85.25
361758720,90439680,float,6365900,85.24,6373700,85.14
362807296,90701824,float,6381800,85.28,6383200,85.26
363855872,90963968,float,6400600,85.27,6402600,85.24
364904448,91226112,float,6415400,85.32,6415500,85.32
365953024,91488256,float,6444600,85.18,6436900,85.28
367001600,91750400,float,6454100,85.29,6459200,85.23
368050176,92012544,float,6474400,85.27,6476800,85.24
369098752,92274688,float,6482200,85.41,6490700,85.30
370147328,92536832,float,6508500,85.31,6511900,85.26
371195904,92798976,float,6523300,85.36,6529000,85.28
372244480,93061120,float,6547400,85.28,6553400,85.20
373293056,93323264,float,6556300,85.41,6561200,85.34
374341632,93585408,float,6582500,85.30,6586500,85.25
375390208,93847552,float,6598400,85.34,6608800,85.20
376438784,94109696,float,6625100,85.23,6624200,85.24
377487360,94371840,float,6634000,85.35,6638400,85.30
378535936,94633984,float,6657400,85.29,6664200,85.20
379584512,94896128,float,6670900,85.35,6670200,85.36
380633088,95158272,float,6698900,85.23,6699500,85.22
381681664,95420416,float,6709500,85.33,6720100,85.20
382730240,95682560,float,6730900,85.29,6733000,85.27
383778816,95944704,float,6746500,85.33,6747500,85.32
384827392,96206848,float,6766800,85.31,6768000,85.29
385875968,96468992,float,6784900,85.31,6786900,85.28
386924544,96731136,float,6805400,85.28,6805000,85.29
387973120,96993280,float,6819200,85.34,6822100,85.31
389021696,97255424,float,6840600,85.30,6851800,85.16
390070272,97517568,float,6854700,85.36,6849900,85.42
391118848,97779712,float,6876100,85.32,6884000,85.22
392167424,98041856,float,6894000,85.33,6891400,85.36
393216000,98304000,float,6913800,85.31,6918600,85.25
394264576,98566144,float,6922300,85.43,6932900,85.30
395313152,98828288,float,6956600,85.24,6958100,85.22
396361728,99090432,float,6972200,85.27,6970000,85.30
397410304,99352576,float,6992300,85.25,6986100,85.33
398458880,99614720,float,7009500,85.27,7013200,85.22
399507456,99876864,float,7028300,85.26,7029900,85.24
400556032,100139008,float,7042200,85.32,7047100,85.26
401604608,100401152,float,7066400,85.25,7068000,85.23
402653184,100663296,float,7074200,85.38,7083800,85.26
403701760,100925440,float,7130100,84.93,7140000,84.81
404750336,101187584,float,7143000,85.00,7160200,84.79
405798912,101449728,float,7165200,84.95,7170100,84.89
406847488,101711872,float,7183500,84.95,7189100,84.89
407896064,101974016,float,7205900,84.91,7207600,84.89
408944640,102236160,float,7219800,84.96,7220200,84.96
409993216,102498304,float,7241300,84.93,7247600,84.85
411041792,102760448,float,7257600,84.95,7260700,84.92
412090368,103022592,float,7278200,84.93,7282200,84.88
413138944,103284736,float,7286200,85.05,7297800,84.92
414187520,103546880,float,7316600,84.91,7316500,84.92
415236096,103809024,float,7330100,84.97,7333700,84.93
416284672,104071168,float,7349100,84.97,7354300,84.91
417333248,104333312,float,7358700,85.07,7371600,84.92
418381824,104595456,float,7390200,84.92,7396000,84.85
419430400,104857600,float,7404500,84.97,7410400,84.90
420478976,105119744,float,7426600,84.93,7425200,84.94
421527552,105381888,float,7433000,85.07,7437500,85.01
422576128,105644032,float,7457800,84.99,7467500,84.88
423624704,105906176,float,7480400,84.95,7480800,84.94
424673280,106168320,float,7498500,84.95,7505900,84.87
425721856,106430464,float,7516700,84.96,7522900,84.89
426770432,106692608,float,7535200,84.96,7539600,84.91
427819008,106954752,float,7544100,85.06,7555400,84.94
428867584,107216896,float,7571400,84.96,7579000,84.88
429916160,107479040,float,7578600,85.09,7595800,84.90
430964736,107741184,float,7607200,84.98,7618100,84.86
432013312,108003328,float,7622400,85.01,7625200,84.98
433061888,108265472,float,7643000,84.99,7641600,85.01
434110464,108527616,float,7661300,84.99,7662700,84.98
435159040,108789760,float,7671300,85.09,7674900,85.05
436207616,109051904,float,7693700,85.05,7685400,85.14
437256192,109314048,float,7704800,85.13,7702400,85.15
438304768,109576192,float,7715700,85.21,7725600,85.10
439353344,109838336,float,7744300,85.10,7735700,85.19
440401920,110100480,float,7750100,85.24,7748500,85.26
441450496,110362624,float,7776500,85.15,7769800,85.22
442499072,110624768,float,7779900,85.32,7781700,85.30
443547648,110886912,float,7801200,85.28,7798300,85.32
444596224,111149056,float,7818300,85.30,7814100,85.35
445644800,111411200,float,7835900,85.31,7830000,85.37
446693376,111673344,float,7840600,85.46,7851800,85.34
447741952,111935488,float,7857300,85.48,7867500,85.37
448790528,112197632,float,7878800,85.44,7870000,85.54
449839104,112459776,float,7900800,85.40,7891600,85.50
450887680,112721920,float,7908200,85.52,7908300,85.52
451936256,112984064,float,7923500,85.56,7931200,85.47
452984832,113246208,float,7939500,85.58,7947800,85.49
454033408,113508352,float,7964000,85.52,7971300,85.44
455081984,113770496,float,7978700,85.56,7978800,85.55
456130560,114032640,float,7992900,85.60,8007700,85.44
457179136,114294784,float,8014700,85.56,8013600,85.58
458227712,114556928,float,8030700,85.59,8039400,85.50
459276288,114819072,float,8044000,85.64,8057700,85.50
460324864,115081216,float,8070200,85.56,8076600,85.49
461373440,115343360,float,8083400,85.62,8090400,85.54
462422016,115605504,float,8101500,85.62,8109700,85.53
463470592,115867648,float,8125600,85.56,8126200,85.55
464519168,116129792,float,8146400,85.53,8156200,85.43
465567744,116391936,float,8158900,85.59,8166000,85.52
466616320,116654080,float,8185300,85.51,8192400,85.44
467664896,116916224,float,8197100,85.58,8194100,85.61
468713472,117178368,float,8215799,85.58,8225700,85.47
469762048,117440512,float,8234900,85.57,8239799,85.52
470810624,117702656,float,8291600,85.17,8295700,85.13
471859200,117964800,float,8307299,85.20,8301799,85.26
472907776,118226944,float,8325000,85.21,8335700,85.10
473956352,118489088,float,8339700,85.25,8343299,85.21
475004928,118751232,float,8363799,85.19,8357299,85.26
476053504,119013376,float,8370200,85.31,8384400,85.17
477102080,119275520,float,8402100,85.18,8403600,85.16
478150656,119537664,float,8414600,85.24,8424700,85.13
479199232,119799808,float,8437700,85.19,8442600,85.14
480247808,120061952,float,8453500,85.22,8452200,85.23
481296384,120324096,float,8470200,85.23,8472400,85.21
482344960,120586240,float,8481400,85.31,8496800,85.15
483393536,120848384,float,8500200,85.30,8513400,85.17
484442112,121110528,float,8526600,85.22,8524500,85.24
485490688,121372672,float,8546400,85.21,8549100,85.18
486539264,121634816,float,8561200,85.25,8563000,85.23
487587840,121896960,float,8578000,85.26,8580100,85.24
488636416,122159104,float,8593500,85.29,8596700,85.26
489684992,122421248,float,8619300,85.22,8627200,85.14
490733568,122683392,float,8630000,85.30,8633900,85.26
491782144,122945536,float,8648600,85.29,8655400,85.23
492830720,123207680,float,8661900,85.34,8676500,85.20
493879296,123469824,float,8689900,85.25,8693600,85.21
494927872,123731968,float,8700800,85.32,8710300,85.23
495976448,123994112,float,8724800,85.27,8731700,85.20
497025024,124256256,float,8737600,85.33,8740400,85.30
498073600,124518400,float,8771300,85.18,8771000,85.18
499122176,124780544,float,8780500,85.27,8787300,85.20
500170752,125042688,float,8798200,85.27,8799300,85.26
501219328,125304832,float,8825300,85.19,8820900,85.23
502267904,125566976,float,8837800,85.25,8839000,85.24
503316480,125829120,float,8854200,85.27,8852900,85.28
504365056,126091264,float,8869000,85.30,8879400,85.20
505413632,126353408,float,8882500,85.35,8889700,85.28
506462208,126615552,float,8918100,85.19,8920800,85.16
507510784,126877696,float,8928300,85.26,8926600,85.28
508559360,127139840,float,8944800,85.28,8948700,85.25
509607936,127401984,float,8958400,85.33,8961600,85.30
510656512,127664128,float,8986800,85.23,8984900,85.25
511705088,127926272,float,9011100,85.18,9000700,85.28
512753664,128188416,float,9024900,85.22,9027100,85.20
513802240,128450560,float,9029900,85.35,9042300,85.23
514850816,128712704,float,9061300,85.23,9064000,85.20
515899392,128974848,float,9077700,85.25,9072600,85.30
516947968,129236992,float,9095300,85.26,9102700,85.19
517996544,129499136,float,9108100,85.31,9109200,85.30
519045120,129761280,float,9131100,85.27,9145000,85.14
520093696,130023424,float,9147400,85.29,9150100,85.26
521142272,130285568,float,9170800,85.24,9183300,85.12
522190848,130547712,float,9180800,85.32,9193700,85.20
523239424,130809856,float,9208500,85.23,9211700,85.20
524288000,131072000,float,9223500,85.26,9229000,85.21
525336576,131334144,float,9243100,85.25,9247500,85.21
526385152,131596288,float,9254300,85.32,9256000,85.30
527433728,131858432,float,9278600,85.27,9288000,85.18
528482304,132120576,float,9293600,85.30,9298300,85.25
529530880,132382720,float,9315500,85.27,9332200,85.11
530579456,132644864,float,9328500,85.32,9335700,85.25
531628032,132907008,float,9353700,85.25,9363000,85.17
532676608,133169152,float,9361300,85.35,9374200,85.24
533725184,133431296,float,9396900,85.20,9403600,85.14
534773760,133693440,float,9405800,85.28,9407700,85.27
535822336,133955584,float,9430600,85.23,9436400,85.17
536870912,134217728,float,9437400,85.33,9446900,85.25
537919488,134479872,float,9493700,84.99,9501600,84.92
538968064,134742016,float,9519700,84.92,9525600,84.87
540016640,135004160,float,9532400,84.98,9534300,84.96
541065216,135266304,float,9553100,84.96,9560800,84.89
542113792,135528448,float,9567500,84.99,9573400,84.94
543162368,135790592,float,9582100,85.03,9592200,84.94
544210944,136052736,float,9609500,84.95,9610000,84.94
545259520,136314880,float,9623600,84.99,9630500,84.93
546308096,136577024,float,9643200,84.98,9651400,84.91
547356672,136839168,float,9659700,85.00,9653600,85.05
548405248,137101312,float,9684100,84.94,9691100,84.88
549453824,137363456,float,9697500,84.99,9702000,84.95
550502400,137625600,float,9709200,85.05,9727800,84.89
551550976,137887744,float,9737500,84.96,9736900,84.97
552599552,138149888,float,9744000,85.07,9755000,84.97
553648128,138412032,float,9760800,85.08,9766300,85.03
554696704,138674176,float,9785100,85.03,9780800,85.07
555745280,138936320,float,9799500,85.07,9800500,85.06
556793856,139198464,float,9827800,84.98,9813700,85.10
557842432,139460608,float,9831400,85.11,9830000,85.12
558891008,139722752,float,9839100,85.20,9848600,85.12
559939584,139984896,float,9865800,85.13,9856900,85.21
560988160,140247040,float,9884100,85.14,9872300,85.24
562036736,140509184,float,9895800,85.19,9892600,85.22
563085312,140771328,float,9909600,85.23,9914900,85.19
564133888,141033472,float,9923800,85.27,9926300,85.25
565182464,141295616,float,9953300,85.18,9943200,85.26
566231040,141557760,float,9947400,85.38,9961500,85.26
567279616,141819904,float,9971700,85.33,9975800,85.30
568328192,142082048,float,9993400,85.31,9993100,85.31
569376768,142344192,float,10011000,85.32,10007000,85.35
570425344,142606336,float,10032000,85.29,10014000,85.44
571473920,142868480,float,10040000,85.38,10044000,85.34
572522496,143130624,float,10047000,85.47,10040000,85.54
573571072,143392768,float,10076000,85.39,10066000,85.47
574619648,143654912,float,10082000,85.49,10098000,85.35
575668224,143917056,float,10099000,85.51,10117000,85.35
576716800,144179200,float,10112000,85.55,10123000,85.45
577765376,144441344,float,10141000,85.46,10147000,85.41
578813952,144703488,float,10154000,85.50,10152000,85.52
579862528,144965632,float,10174000,85.49,10189000,85.37
580911104,145227776,float,10192000,85.49,10199000,85.44
581959680,145489920,float,10216000,85.45,10219000,85.43
583008256,145752064,float,10226000,85.52,10238000,85.42
584056832,146014208,float,10257000,85.41,10257000,85.41
585105408,146276352,float,10264000,85.51,10266000,85.49
586153984,146538496,float,10286000,85.48,10292000,85.43
587202560,146800640,float,10305000,85.47,10313000,85.41
588251136,147062784,float,10317000,85.53,10335000,85.38
589299712,147324928,float,10347000,85.43,10346000,85.44
590348288,147587072,float,10376000,85.34,10370000,85.39
591396864,147849216,float,10384000,85.43,10394000,85.35
592445440,148111360,float,10396000,85.48,10411000,85.36
593494016,148373504,float,10409000,85.53,10422000,85.42
594542592,148635648,float,10434000,85.47,10435000,85.46
595591168,148897792,float,10458000,85.43,10463000,85.39
596639744,149159936,float,10464000,85.53,10478000,85.41
597688320,149422080,float,10476000,85.58,10497000,85.41
598736896,149684224,float,10507000,85.47,10532000,85.28
599785472,149946368,float,10528000,85.46,10529000,85.45
600834048,150208512,float,10543000,85.48,10555000,85.38
601882624,150470656,float,10559000,85.51,10574000,85.38
602931200,150732800,float,10578000,85.50,10586000,85.43
603979776,150994944,float,10602000,85.45,10601000,85.46
605028352,151257088,float,10654000,85.18,10657000,85.16
606076928,151519232,float,10672000,85.19,10668000,85.22
607125504,151781376,float,10679000,85.28,10692000,85.18
608174080,152043520,float,10704000,85.22,10709000,85.19
609222656,152305664,float,10728000,85.18,10727000,85.19
610271232,152567808,float,10740000,85.23,10752000,85.14
611319808,152829952,float,10763000,85.20,10775000,85.10
612368384,153092096,float,10773000,85.26,10792000,85.11
613416960,153354240,float,10804000,85.17,10799000,85.20
614465536,153616384,float,10819000,85.19,10808000,85.28
615514112,153878528,float,10836000,85.20,10841000,85.16
616562688,154140672,float,10844000,85.29,10851000,85.23
617611264,154402816,float,10869000,85.24,10871000,85.22
618659840,154664960,float,10884000,85.26,10900000,85.13
619708416,154927104,float,10904000,85.25,10914000,85.17
620756992,155189248,float,10929000,85.20,10932000,85.17
621805568,155451392,float,10946000,85.21,10948000,85.20
622854144,155713536,float,10955000,85.28,10955000,85.28
623902720,155975680,float,10977000,85.26,10984000,85.20
624951296,156237824,float,10998000,85.24,10994000,85.27
625999872,156499968,float,11018000,85.22,11014000,85.25
627048448,156762112,float,11025000,85.31,11036000,85.23
628097024,157024256,float,11058000,85.20,11063000,85.16
629145600,157286400,float,11055000,85.36,11076000,85.21
630194176,157548544,float,11089000,85.25,11107000,85.11
631242752,157810688,float,11100000,85.30,11121000,85.15
632291328,158072832,float,11136000,85.17,11143000,85.12
633339904,158334976,float,11146000,85.23,11142000,85.26
634388480,158597120,float,11170000,85.19,11179000,85.12
635437056,158859264,float,11174000,85.30,11192000,85.17
636485632,159121408,float,11193000,85.30,11211000,85.16
637534208,159383552,float,11219000,85.24,11226000,85.19
638582784,159645696,float,11247000,85.17,11249000,85.15
639631360,159907840,float,11251000,85.28,11260000,85.21
640679936,160169984,float,11281000,85.19,11296000,85.08
641728512,160432128,float,11302000,85.17,11295000,85.22
642777088,160694272,float,11302000,85.31,11321000,85.16
643825664,160956416,float,11324000,85.28,11334000,85.20
644874240,161218560,float,11341000,85.29,11361000,85.14
645922816,161480704,float,11368000,85.23,11367000,85.24
646971392,161742848,float,11389000,85.21,11387000,85.22
648019968,162004992,float,11405000,85.23,11413000,85.17
649068544,162267136,float,11412000,85.32,11431000,85.17
650117120,162529280,float,11440000,85.24,11456000,85.12
651165696,162791424,float,11467000,85.18,11463000,85.21
652214272,163053568,float,11469000,85.30,11481000,85.21
653262848,163315712,float,11501000,85.20,11518000,85.07
654311424,163577856,float,11508000,85.29,11525000,85.16
655360000,163840000,float,11533000,85.24,11552000,85.09
656408576,164102144,float,11554000,85.22,11554000,85.22
657457152,164364288,float,11573000,85.22,11584000,85.13
658505728,164626432,float,11589000,85.23,11587000,85.25
659554304,164888576,float,11612000,85.20,11627000,85.09
660602880,165150720,float,11628000,85.21,11633000,85.18
661651456,165412864,float,11643000,85.24,11654000,85.16
662700032,165675008,float,11665000,85.22,11680000,85.11
663748608,165937152,float,11677000,85.26,11696000,85.12
664797184,166199296,float,11709000,85.16,11709000,85.16
665845760,166461440,float,11713000,85.27,11737000,85.09
666894336,166723584,float,11733000,85.26,11740000,85.21
667942912,166985728,float,11756000,85.22,11760000,85.19
668991488,167247872,float,11770000,85.26,11775000,85.22
670040064,167510016,float,11783000,85.30,11800000,85.18
671088640,167772160,float,11818000,85.18,11816000,85.19
672137216,168034304,float,11851000,85.07,11863000,84.99
673185792,168296448,float,11878000,85.02,11872000,85.06
674234368,168558592,float,11899000,85.00,11902000,84.97
675282944,168820736,float,11913000,85.03,11916000,85.00
676331520,169082880,float,11940000,84.97,11924000,85.08
677380096,169345024,float,11956000,84.98,11953000,85.01
678428672,169607168,float,11974000,84.99,11961000,85.08
679477248,169869312,float,11979000,85.08,11975000,85.11
680525824,170131456,float,12012000,84.98,12003000,85.04
681574400,170393600,float,12030000,84.99,12023000,85.04
682622976,170655744,float,12024000,85.16,12043000,85.03
683671552,170917888,float,12041000,85.17,12045000,85.14
684720128,171180032,float,12054000,85.21,12060000,85.16
685768704,171442176,float,12091000,85.08,12085000,85.12
686817280,171704320,float,12098000,85.16,12100000,85.14
687865856,171966464,float,12098000,85.29,12106000,85.23
688914432,172228608,float,12140000,85.12,12132000,85.18
689963008,172490752,float,12139000,85.26,12146000,85.21
691011584,172752896,float,12153000,85.29,12162000,85.23
692060160,173015040,float,12170000,85.30,12176000,85.26
693108736,173277184,float,12190000,85.29,12182000,85.35
694157312,173539328,float,12205000,85.31,12219000,85.22
695205888,173801472,float,12215000,85.37,12220000,85.34
696254464,174063616,float,12228000,85.41,12242000,85.31
697303040,174325760,float,12248000,85.40,12268000,85.26
698351616,174587904,float,12272000,85.36,12284000,85.28
699400192,174850048,float,12289000,85.37,12295000,85.33
700448768,175112192,float,12304000,85.39,12318000,85.30
701497344,175374336,float,12322000,85.39,12332000,85.33
702545920,175636480,float,12355000,85.29,12339000,85.41
703594496,175898624,float,12366000,85.35,12377000,85.27
704643072,176160768,float,12373000,85.43,12386000,85.34
705691648,176422912,float,12404000,85.34,12407000,85.32
706740224,176685056,float,12426000,85.32,12416000,85.38
707788800,176947200,float,12430000,85.42,12455000,85.24
708837376,177209344,float,12459000,85.34,12460000,85.33
709885952,177471488,float,12466000,85.42,12478000,85.34
710934528,177733632,float,12485000,85.42,12496000,85.34
711983104,177995776,float,12520000,85.30,12525000,85.27
713031680,178257920,float,12526000,85.38,12533000,85.34
714080256,178520064,float,12550000,85.34,12555000,85.31
715128832,178782208,float,12555000,85.44,12574000,85.31
716177408,179044352,float,12581000,85.39,12597000,85.28
717225984,179306496,float,12599000,85.39,12603000,85.36
718274560,179568640,float,12618000,85.39,12618000,85.39
719323136,179830784,float,12635000,85.40,12647000,85.32
720371712,180092928,float,12652000,85.40,12657000,85.37
721420288,180355072,float,12666000,85.44,12676000,85.37
722468864,180617216,float,12693000,85.38,12699000,85.34
723517440,180879360,float,12703000,85.44,12718000,85.33
724566016,181141504,float,12729000,85.38,12741000,85.30
725614592,181403648,float,12742000,85.42,12764000,85.27
726663168,181665792,float,12756000,85.45,12770000,85.35
727711744,181927936,float,12778000,85.43,12790000,85.35
728760320,182190080,float,12797000,85.42,12813000,85.31
729808896,182452224,float,12803000,85.50,12826000,85.35
730857472,182714368,float,12846000,85.34,12852000,85.30
731906048,182976512,float,12862000,85.36,12863000,85.35
732954624,183238656,float,12871000,85.42,12886000,85.32
734003200,183500800,float,12885000,85.45,12900000,85.35
735051776,183762944,float,12915000,85.37,12918000,85.35
736100352,184025088,float,12931000,85.39,12937000,85.35
737148928,184287232,float,12938000,85.47,12952000,85.37
738197504,184549376,float,12967000,85.39,12973000,85.35
739246080,184811520,float,13013000,85.21,13019000,85.17
740294656,185073664,float,13036000,85.19,13040000,85.16
741343232,185335808,float,13058000,85.16,13063000,85.13
742391808,185597952,float,13072000,85.19,13078000,85.15
743440384,185860096,float,13102000,85.11,13096000,85.15
744488960,186122240,float,13103000,85.22,13107000,85.20
745537536,186384384,float,13123000,85.22,13134000,85.15
746586112,186646528,float,13144000,85.20,13157000,85.12
747634688,186908672,float,13166000,85.18,13174000,85.13
748683264,187170816,float,13181000,85.20,13186000,85.17
749731840,187432960,float,13202000,85.18,13208000,85.14
750780416,187695104,float,13208000,85.27,13234000,85.10
751828992,187957248,float,13227000,85.26,13248000,85.13
752877568,188219392,float,13267000,85.12,13266000,85.13
753926144,188481536,float,13273000,85.20,13273000,85.20
754974720,188743680,float,13288000,85.22,13288000,85.23
756023296,189005824,float,13315000,85.17,13313000,85.18
757071872,189267968,float,13321000,85.25,13342000,85.11
758120448,189530112,float,13355000,85.15,13355000,85.15
759169024,189792256,float,13365000,85.20,13359000,85.24
760217600,190054400,float,13391000,85.16,13403000,85.08
761266176,190316544,float,13393000,85.26,13418000,85.10
762314752,190578688,float,13415000,85.24,13429000,85.15
763363328,190840832,float,13439000,85.21,13453000,85.11
764411904,191102976,float,13454000,85.23,13479000,85.07
765460480,191365120,float,13477000,85.20,13483000,85.16
766509056,191627264,float,13503000,85.15,13496000,85.20
767557632,191889408,float,13513000,85.20,13529000,85.10
768606208,192151552,float,13530000,85.21,13533000,85.19
769654784,192413696,float,13550000,85.20,13565000,85.11
770703360,192675840,float,13577000,85.15,13572000,85.18
771751936,192937984,float,13591000,85.18,13604000,85.10
772800512,193200128,float,13611000,85.17,13616000,85.14
773849088,193462272,float,13618000,85.24,13633000,85.15
774897664,193724416,float,13650000,85.16,13651000,85.15
775946240,193986560,float,13658000,85.22,13673000,85.13
776994816,194248704,float,13676000,85.22,13698000,85.09
778043392,194510848,float,13692000,85.24,13709000,85.13
779091968,194772992,float,13713000,85.22,13733000,85.10
780140544,195035136,float,13733000,85.21,13739000,85.18
781189120,195297280,float,13742000,85.27,13773000,85.08
782237696,195559424,float,13766000,85.23,13783000,85.13
783286272,195821568,float,13789000,85.20,13802000,85.13
784334848,196083712,float,13807000,85.21,13822000,85.12
785383424,196345856,float,13819000,85.25,13847000,85.08
786432000,196608000,float,13840000,85.23,13856000,85.13
787480576,196870144,float,13866000,85.19,13876000,85.12
788529152,197132288,float,13879000,85.22,13892000,85.14
789577728,197394432,float,13911000,85.14,13912000,85.13
790626304,197656576,float,13925000,85.16,13921000,85.19
791674880,197918720,float,13947000,85.15,13963000,85.05
792723456,198180864,float,13957000,85.20,13958000,85.19
793772032,198443008,float,13966000,85.25,13988000,85.12
794820608,198705152,float,13999000,85.16,14007000,85.12
795869184,198967296,float,14012000,85.20,14025000,85.12
796917760,199229440,float,14024000,85.24,14046000,85.10
797966336,199491584,float,14057000,85.15,14057000,85.15
799014912,199753728,float,14061000,85.24,14084000,85.10
800063488,200015872,float,14091000,85.17,14093000,85.16
801112064,200278016,float,14107000,85.18,14100000,85.22
802160640,200540160,float,14133000,85.13,14113000,85.26
803209216,200802304,float,14132000,85.25,14137000,85.22
804257792,201064448,float,14152000,85.25,14167000,85.16
805306368,201326592,float,14176000,85.21,14179000,85.19
806354944,201588736,float,14233000,84.98,14226000,85.03
807403520,201850880,float,14231000,85.10,14224000,85.15
808452096,202113024,float,14256000,85.06,14250000,85.10
809500672,202375168,float,14270000,85.09,14261000,85.14
810549248,202637312,float,14297000,85.04,14293000,85.06
811597824,202899456,float,14294000,85.17,14307000,85.09
812646400,203161600,float,14331000,85.06,14317000,85.14
813694976,203423744,float,14322000,85.22,14322000,85.22
814743552,203685888,float,14343000,85.21,14348000,85.18
815792128,203948032,float,14361000,85.21,14356000,85.24
816840704,204210176,float,14371000,85.26,14401000,85.08
817889280,204472320,float,14400000,85.19,14408000,85.15
818937856,204734464,float,14404000,85.28,14417000,85.21
819986432,204996608,float,14428000,85.25,14431000,85.23
821035008,205258752,float,14435000,85.32,14458000,85.18
822083584,205520896,float,14461000,85.28,14467000,85.24
823132160,205783040,float,14487000,85.23,14499000,85.16
824180736,206045184,float,14495000,85.29,14493000,85.30
825229312,206307328,float,14515000,85.28,14520000,85.25
826277888,206569472,float,14540000,85.24,14521000,85.35
827326464,206831616,float,14532000,85.40,14558000,85.25
828375040,207093760,float,14556000,85.36,14575000,85.25
829423616,207355904,float,14586000,85.30,14596000,85.24
830472192,207618048,float,14582000,85.43,14592000,85.37
831520768,207880192,float,14630000,85.25,14626000,85.28
832569344,208142336,float,14619000,85.42,14642000,85.29
833617920,208404480,float,14647000,85.37,14662000,85.28
834666496,208666624,float,14683000,85.27,14690000,85.23
835715072,208928768,float,14688000,85.35,14708000,85.23
836763648,209190912,float,14707000,85.35,14710000,85.33
837812224,209453056,float,14718000,85.39,14737000,85.28
838860800,209715200,float,14736000,85.39,14758000,85.26
839909376,209977344,float,14781000,85.23,14782000,85.23
840957952,210239488,float,14789000,85.29,14782000,85.34
842006528,210501632,float,14801000,85.33,14815000,85.25
843055104,210763776,float,14816000,85.35,14823000,85.31
844103680,211025920,float,14829000,85.38,14856000,85.23
845152256,211288064,float,14853000,85.35,14878000,85.21
846200832,211550208,float,14874000,85.33,14895000,85.22
847249408,211812352,float,14886000,85.38,14899000,85.30
848297984,212074496,float,14907000,85.36,14924000,85.26
849346560,212336640,float,14924000,85.37,14935000,85.31
850395136,212598784,float,14952000,85.31,14962000,85.25
851443712,212860928,float,14970000,85.32,14977000,85.27
852492288,213123072,float,14989000,85.31,14982000,85.35
853540864,213385216,float,15013000,85.28,15012000,85.28
854589440,213647360,float,15026000,85.31,15028000,85.30
855638016,213909504,float,15037000,85.35,15049000,85.28
856686592,214171648,float,15063000,85.31,15073000,85.25
857735168,214433792,float,15079000,85.32,15093000,85.24
858783744,214695936,float,15097000,85.32,15104000,85.29
859832320,214958080,float,15117000,85.32,15107000,85.37
860880896,215220224,float,15122000,85.39,15150000,85.24
861929472,215482368,float,15145000,85.37,15148000,85.35
862978048,215744512,float,15177000,85.29,15181000,85.27
864026624,216006656,float,15188000,85.33,15193000,85.31
865075200,216268800,float,15207000,85.33,15227000,85.22
866123776,216530944,float,15228000,85.32,15229000,85.31
867172352,216793088,float,15251000,85.29,15251000,85.29
868220928,217055232,float,15263000,85.32,15274000,85.26
869269504,217317376,float,15274000,85.37,15295000,85.25
870318080,217579520,float,15291000,85.38,15316000,85.24
871366656,217841664,float,15323000,85.30,15333000,85.24
872415232,218103808,float,15324000,85.40,15336000,85.33
873463808,218365952,float,15387000,85.15,15380000,85.19
874512384,218628096,float,15407000,85.14,15429000,85.02
875560960,218890240,float,15420000,85.17,15436000,85.08
876609536,219152384,float,15427000,85.23,15460000,85.05
877658112,219414528,float,15457000,85.17,15477000,85.06
878706688,219676672,float,15479000,85.15,15490000,85.09
879755264,219938816,float,15511000,85.08,15491000,85.19
880803840,220200960,float,15526000,85.10,15533000,85.06
881852416,220463104,float,15540000,85.12,15543000,85.11
882900992,220725248,float,15572000,85.05,15568000,85.07
883949568,220987392,float,15573000,85.14,15578000,85.12
884998144,221249536,float,15589000,85.15,15599000,85.10
886046720,221511680,float,15628000,85.05,15617000,85.10
887095296,221773824,float,15624000,85.17,15624000,85.16
888143872,222035968,float,15636000,85.20,15664000,85.05
889192448,222298112,float,15656000,85.19,15681000,85.06
890241024,222560256,float,15700000,85.06,15689000,85.11
891289600,222822400,float,15712000,85.09,15719000,85.05
892338176,223084544,float,15725000,85.12,15736000,85.06
893386752,223346688,float,15729000,85.20,15746000,85.10
894435328,223608832,float,15768000,85.09,15767000,85.09
895483904,223870976,float,15772000,85.16,15780000,85.12
896532480,224133120,float,15789000,85.17,15808000,85.07
897581056,224395264,float,15804000,85.19,15821000,85.10
898629632,224657408,float,15831000,85.14,15836000,85.12
899678208,224919552,float,15849000,85.15,15856000,85.11
900726784,225181696,float,15870000,85.14,15878000,85.09
901775360,225443840,float,15889000,85.13,15897000,85.09
902823936,225705984,float,15910000,85.12,15915000,85.09
903872512,225968128,float,15920000,85.16,15934000,85.09
904921088,226230272,float,15947000,85.12,15950000,85.10
905969664,226492416,float,15948000,85.21,15967000,85.11
907018240,226754560,float,15980000,85.14,15995000,85.06
908066816,227016704,float,15993000,85.17,16006000,85.10
909115392,227278848,float,16019000,85.13,16008000,85.18
910163968,227540992,float,16034000,85.15,16044000,85.09
911212544,227803136,float,16071000,85.05,16070000,85.05
912261120,228065280,float,16072000,85.14,16079000,85.10
913309696,228327424,float,16088000,85.15,16108000,85.05
914358272,228589568,float,16100000,85.19,16136000,85.00
915406848,228851712,float,16116000,85.20,16148000,85.03
916455424,229113856,float,16149000,85.13,16148000,85.13
917504000,229376000,float,16166000,85.13,16174000,85.09
918552576,229638144,float,16190000,85.10,16181000,85.15
919601152,229900288,float,16206000,85.12,16224000,85.02
920649728,230162432,float,16224000,85.12,16226000,85.11
921698304,230424576,float,16234000,85.16,16252000,85.07
922746880,230686720,float,16252000,85.16,16261000,85.12
923795456,230948864,float,16282000,85.11,16293000,85.05
924844032,231211008,float,16287000,85.18,16316000,85.02
925892608,231473152,float,16298000,85.21,16313000,85.14
926941184,231735296,float,16321000,85.19,16336000,85.11
927989760,231997440,float,16342000,85.18,16336000,85.21
929038336,232259584,float,16365000,85.15,16345000,85.26
930086912,232521728,float,16383000,85.16,16376000,85.19
931135488,232783872,float,16390000,85.22,16407000,85.13
932184064,233046016,float,16416000,85.18,16432000,85.10
933232640,233308160,float,16426000,85.22,16435000,85.18
934281216,233570304,float,16442000,85.24,16448000,85.20
935329792,233832448,float,16458000,85.25,16458000,85.25
936378368,234094592,float,16466000,85.30,16461000,85.33
937426944,234356736,float,16491000,85.27,16473000,85.36
938475520,234618880,float,16496000,85.34,16507000,85.28
939524096,234881024,float,16522000,85.30,16536000,85.23
940572672,235143168,float,16579000,85.10,16587000,85.06
941621248,235405312,float,16588000,85.15,16596000,85.11
942669824,235667456,float,16606000,85.15,16614000,85.11
943718400,235929600,float,16622000,85.16,16615000,85.20
944766976,236191744,float,16668000,85.02,16637000,85.18
945815552,236453888,float,16647000,85.22,16647000,85.22
946864128,236716032,float,16664000,85.23,16668000,85.21
947912704,236978176,float,16682000,85.23,16681000,85.24
948961280,237240320,float,16706000,85.21,16698000,85.24
950009856,237502464,float,16730000,85.18,16726000,85.20
951058432,237764608,float,16731000,85.27,16726000,85.29
952107008,238026752,float,16754000,85.24,16747000,85.28
953155584,238288896,float,16770000,85.25,16777000,85.22
954204160,238551040,float,16780000,85.30,16806000,85.17
955252736,238813184,float,16816000,85.21,16820000,85.19
956301312,239075328,float,16826000,85.25,16833000,85.22
957349888,239337472,float,16835000,85.30,16856000,85.19
958398464,239599616,float,16847000,85.33,16869000,85.22
959447040,239861760,float,16871000,85.31,16881000,85.25
960495616,240123904,float,16876000,85.37,16919000,85.15
961544192,240386048,float,16915000,85.27,16920000,85.24
962592768,240648192,float,16925000,85.31,16938000,85.25
963641344,240910336,float,16956000,85.25,16965000,85.20
964689920,241172480,float,16966000,85.29,16981000,85.22
965738496,241434624,float,16977000,85.33,17004000,85.19
966787072,241696768,float,17007000,85.27,17007000,85.27
967835648,241958912,float,17023000,85.28,17023000,85.28
968884224,242221056,float,17034000,85.32,17050000,85.24
969932800,242483200,float,17067000,85.25,17078000,85.19
970981376,242745344,float,17085000,85.25,17097000,85.19
972029952,243007488,float,17093000,85.30,17095000,85.29
973078528,243269632,float,17107000,85.32,17113000,85.29
974127104,243531776,float,17134000,85.28,17153000,85.18
975175680,243793920,float,17172000,85.18,17174000,85.17
976224256,244056064,float,17179000,85.24,17184000,85.21
977272832,244318208,float,17189000,85.28,17194000,85.26
978321408,244580352,float,17217000,85.23,17211000,85.26
979369984,244842496,float,17204000,85.39,17236000,85.23
980418560,245104640,float,17232000,85.34,17250000,85.25
981467136,245366784,float,17251000,85.34,17259000,85.30
982515712,245628928,float,17281000,85.28,17292000,85.23
983564288,245891072,float,17290000,85.33,17311000,85.22
984612864,246153216,float,17300000,85.37,17327000,85.24
985661440,246415360,float,17343000,85.25,17338000,85.27
986710016,246677504,float,17345000,85.33,17373000,85.20
987758592,246939648,float,17375000,85.28,17387000,85.22
988807168,247201792,float,17392000,85.28,17406000,85.21
989855744,247463936,float,17406000,85.30,17419000,85.24
990904320,247726080,float,17423000,85.31,17435000,85.25
991952896,247988224,float,17435000,85.34,17461000,85.21
993001472,248250368,float,17455000,85.33,17471000,85.25
994050048,248512512,float,17473000,85.34,17488000,85.26
995098624,248774656,float,17509000,85.25,17515000,85.22
996147200,249036800,float,17518000,85.29,17535000,85.21
997195776,249298944,float,17533000,85.31,17555000,85.20
998244352,249561088,float,17562000,85.26,17574000,85.20
999292928,249823232,float,17569000,85.32,17599000,85.17
1000341504,250085376,float,17589000,85.31,17614000,85.19
1001390080,250347520,float,17622000,85.24,17626000,85.22
1002438656,250609664,float,17612000,85.38,17634000,85.27
1003487232,250871808,float,17646000,85.30,17645000,85.31
1004535808,251133952,float,17672000,85.26,17684000,85.21
1005584384,251396096,float,17680000,85.32,17715000,85.15
1006632960,251658240,float,17699000,85.31,17737000,85.13
1007681536,251920384,float,17760000,85.11,17798000,84.93
1008730112,252182528,float,17775000,85.12,17788000,85.06
1009778688,252444672,float,17808000,85.05,17821000,84.99
1010827264,252706816,float,17822000,85.07,17829000,85.04
1011875840,252968960,float,17828000,85.14,17855000,85.01
1012924416,253231104,float,17849000,85.12,17864000,85.05
1013972992,253493248,float,17877000,85.08,17887000,85.03
1015021568,253755392,float,17891000,85.10,17909000,85.01
1016070144,254017536,float,17917000,85.06,17912000,85.09
1017118720,254279680,float,17924000,85.12,17944000,85.02
1018167296,254541824,float,17953000,85.07,17963000,85.02
1019215872,254803968,float,17967000,85.09,17988000,84.99
1020264448,255066112,float,17976000,85.14,17990000,85.07
1021313024,255328256,float,17990000,85.16,18012000,85.05
1022361600,255590400,float,18023000,85.09,18018000,85.11
1023410176,255852544,float,18038000,85.10,18050000,85.05
1024458752,256114688,float,18075000,85.02,18073000,85.03
1025507328,256376832,float,18065000,85.15,18087000,85.05
1026555904,256638976,float,18098000,85.08,18106000,85.04
1027604480,256901120,float,18117000,85.08,18115000,85.09
1028653056,257163264,float,18141000,85.05,18143000,85.04
1029701632,257425408,float,18134000,85.17,18173000,84.99
1030750208,257687552,float,18173000,85.08,18163000,85.12
1031798784,257949696,float,18170000,85.18,18210000,84.99
1032847360,258211840,float,18211000,85.07,18228000,84.99
1033895936,258473984,float,18202000,85.20,18237000,85.04
1034944512,258736128,float,18233000,85.14,18243000,85.10
1035993088,258998272,float,18261000,85.10,18275000,85.03
1037041664,259260416,float,18292000,85.04,18296000,85.02
1038090240,259522560,float,18280000,85.18,18312000,85.03
1039138816,259784704,float,18304000,85.16,18333000,85.02
1040187392,260046848,float,18319000,85.17,18330000,85.12
1041235968,260308992,float,18346000,85.13,18360000,85.07
1042284544,260571136,float,18354000,85.18,18377000,85.08
1043333120,260833280,float,18392000,85.09,18397000,85.07
1044381696,261095424,float,18414000,85.07,18438000,84.97
1045430272,261357568,float,18428000,85.09,18423000,85.12
1046478848,261619712,float,18433000,85.16,18467000,85.00
1047527424,261881856,float,18462000,85.11,18470000,85.07
1048576000,262144000,float,18471000,85.15,18496000,85.04
1049624576,262406144,float,18498000,85.11,18512000,85.05
1050673152,262668288,float,18502000,85.18,18512000,85.14
1051721728,262930432,float,18527000,85.15,18548000,85.05
1052770304,263192576,float,18539000,85.18,18535000,85.20
1053818880,263454720,float,18550000,85.21,18567000,85.14
1054867456,263716864,float,18584000,85.15,18607000,85.04
1055916032,263979008,float,18606000,85.13,18597000,85.17
1056964608,264241152,float,18600000,85.24,18609000,85.20
1058013184,264503296,float,18626000,85.20,18642000,85.13
1059061760,264765440,float,18624000,85.30,18641000,85.22
1060110336,265027584,float,18651000,85.26,18671000,85.17
1061158912,265289728,float,18662000,85.29,18687000,85.18
1062207488,265551872,float,18703000,85.19,18692000,85.24
1063256064,265814016,float,18730000,85.15,18710000,85.24
1064304640,266076160,float,18716000,85.30,18701000,85.37
1065353216,266338304,float,18743000,85.26,18737000,85.29
1066401792,266600448,float,18771000,85.22,18774000,85.20
1067450368,266862592,float,18770000,85.31,18744000,85.42
1068498944,267124736,float,18780000,85.35,18803000,85.24
1069547520,267386880,float,18802000,85.33,18802000,85.33
1070596096,267649024,float,18799000,85.43,18825000,85.31
1071644672,267911168,float,18804000,85.49,18843000,85.31
1072693248,268173312,float,18860000,85.31,18834000,85.43
1073741824,268435456,float,18869000,85.36,18872000,85.34
