size(B),count,type,time(ns),busbw(GB/s),time(ns),busbw(GB/s)
1048576,262144,float,99480,17.57,98300,17.78
2097152,524288,float,144700,24.15,138900,25.17
3145728,786432,float,181100,28.95,180100,29.11
4194304,1048576,float,194700,35.91,194100,36.02
5242880,1310720,float,225400,38.77,225400,38.76
6291456,1572864,float,259500,40.42,258700,40.53
7340032,1835008,float,296000,41.33,295600,41.38
8388608,2097152,float,333300,41.95,333500,41.92
9437184,2359296,float,369400,42.58,369700,42.55
10485760,2621440,float,408300,42.80,408900,42.74
11534336,2883584,float,446400,43.06,446300,43.07
12582912,3145728,float,482700,43.45,482600,43.45
13631488,3407872,float,522200,43.51,521900,43.53
14680064,3670016,float,560900,43.62,560500,43.65
15728640,3932160,float,597100,43.91,597200,43.89
16777216,4194304,float,635900,43.97,636200,43.95
17825792,4456448,float,675600,43.98,675000,44.01
18874368,4718592,float,711700,44.20,711700,44.20
19922944,4980736,float,750600,44.24,750700,44.23
20971520,5242880,float,789900,44.25,789800,44.25
22020096,5505024,float,826100,44.42,826100,44.43
23068672,5767168,float,865000,44.45,865200,44.44
24117248,6029312,float,904300,44.45,904700,44.43
25165824,6291456,float,940500,44.60,940800,44.58
26214400,6553600,float,979400,44.61,979400,44.61
27262976,6815744,float,1018600,44.61,1019100,44.59
28311552,7077888,float,1055000,44.73,1055200,44.72
29360128,7340032,float,1093700,44.74,1094200,44.72
30408704,7602176,float,1133400,44.71,1133200,44.72
31457280,7864320,float,1169500,44.83,1169600,44.82
32505856,8126464,float,1208600,44.83,1208600,44.83
33554432,8388608,float,1247600,44.82,1248500,44.79
34603008,8650752,float,1284100,44.91,1283900,44.92
35651584,8912896,float,1323100,44.91,1323100,44.91
36700160,9175040,float,1362800,44.88,1362500,44.89
37748736,9437184,float,1398400,44.99,1398600,44.98
38797312,9699328,float,1437700,44.98,1437600,44.98
39845888,9961472,float,1476900,44.97,1477100,44.96
40894464,10223616,float,1513300,45.04,1512900,45.05
41943040,10485760,float,1552200,45.04,1552500,45.03
42991616,10747904,float,1591100,45.03,1590800,45.04
44040192,11010048,float,1627600,45.10,1627500,45.10
45088768,11272192,float,1666100,45.10,1667200,45.07
46137344,11534336,float,1705800,45.08,1705900,45.08
47185920,11796480,float,1741700,45.15,1742300,45.14
48234496,12058624,float,1781100,45.14,1781200,45.13
49283072,12320768,float,1820100,45.13,1820300,45.12
50331648,12582912,float,1856200,45.19,1856400,45.19
51380224,12845056,float,1934600,44.26,1933500,44.29
52428800,13107200,float,1964400,44.48,1964100,44.49
53477376,13369344,float,2000100,44.56,1998600,44.60
54525952,13631488,float,2027300,44.83,2028200,44.81
55574528,13893632,float,2058900,44.99,2058900,44.99
56623104,14155776,float,2093000,45.09,2093300,45.08
57671680,14417920,float,2130200,45.12,2130800,45.11
58720256,14680064,float,2167700,45.15,2168100,45.14
59768832,14942208,float,2204900,45.18,2204800,45.18
60817408,15204352,float,2242700,45.20,2242500,45.20
61865984,15466496,float,2281700,45.19,2282200,45.18
62914560,15728640,float,2318300,45.23,2318300,45.23
63963136,15990784,float,2357200,45.23,2356900,45.23
65011712,16252928,float,2395900,45.23,2396400,45.22
66060288,16515072,float,2433100,45.25,2432700,45.26
67108864,16777216,float,2471400,45.26,2471500,45.26
68157440,17039360,float,2511000,45.24,2510100,45.25
69206016,17301504,float,2548100,45.27,2547600,45.28
70254592,17563648,float,2586300,45.27,2587100,45.26
71303168,17825792,float,2624800,45.27,2625700,45.26
72351744,18087936,float,2662000,45.30,2662100,45.30
73400320,18350080,float,2699800,45.31,2700800,45.30
74448896,18612224,float,2738900,45.30,2738900,45.30
75497472,18874368,float,2776400,45.32,2776300,45.32
76546048,19136512,float,2814000,45.34,2815600,45.31
77594624,19398656,float,2853500,45.32,2853900,45.32
78643200,19660800,float,2890800,45.34,2891500,45.33
79691776,19922944,float,2930400,45.32,2930600,45.32
80740352,20185088,float,2968400,45.33,2969900,45.31
81788928,20447232,float,3006100,45.35,3005400,45.36
82837504,20709376,float,3043500,45.36,3044200,45.35
83886080,20971520,float,3083300,45.34,3082800,45.35
84934656,21233664,float,3120000,45.37,3120100,45.37
85983232,21495808,float,3157200,45.39,3158700,45.37
87031808,21757952,float,3197300,45.37,3197500,45.36
88080384,22020096,float,3233900,45.39,3234600,45.38
89128960,22282240,float,3273400,45.38,3273100,45.38
90177536,22544384,float,3311600,45.38,3312600,45.37
91226112,22806528,float,3349000,45.40,3348900,45.40
92274688,23068672,float,3386600,45.41,3386500,45.41
93323264,23330816,float,3426000,45.40,3426300,45.40
94371840,23592960,float,3463100,45.42,3463700,45.41
95420416,23855104,float,3501200,45.42,3501400,45.42
96468992,24117248,float,3540800,45.41,3540200,45.42
97517568,24379392,float,3577600,45.43,3577500,45.43
98566144,24641536,float,3616400,45.43,3615700,45.43
99614720,24903680,float,3655100,45.42,3654300,45.43
100663296,25165824,float,3692400,45.44,3692100,45.44
101711872,25427968,float,3768200,44.99,3769500,44.97
102760448,25690112,float,3799000,45.08,3797900,45.10
103809024,25952256,float,3833000,45.14,3832400,45.14
104857600,26214400,float,3863000,45.24,3862800,45.24
105906176,26476544,float,3893000,45.34,3894100,45.33
106954752,26738688,float,3929300,45.37,3928500,45.38
108003328,27000832,float,3965700,45.39,3966600,45.38
109051904,27262976,float,4002300,45.41,4003200,45.40
110100480,27525120,float,4039100,45.43,4039000,45.43
111149056,27787264,float,4075300,45.46,4078100,45.43
112197632,28049408,float,4115500,45.44,4116100,45.43
113246208,28311552,float,4153100,45.45,4152899,45.45
114294784,28573696,float,4189800,45.47,4189899,45.46
115343360,28835840,float,4230900,45.44,4229500,45.45
116391936,29097984,float,4267400,45.46,4268200,45.45
117440512,29360128,float,4306300,45.45,4305600,45.46
118489088,29622272,float,4344100,45.46,4345100,45.45
119537664,29884416,float,4380600,45.48,4381100,45.47
120586240,30146560,float,4420500,45.46,4420600,45.46
121634816,30408704,float,4458800,45.47,4458500,45.47
122683392,30670848,float,4496800,45.47,4497000,45.47
123731968,30932992,float,4534300,45.48,4534600,45.48
124780544,31195136,float,4573000,45.48,4574000,45.47
125829120,31457280,float,4610200,45.49,4611000,45.48
126877696,31719424,float,4648300,45.49,4649200,45.48
127926272,31981568,float,4688300,45.48,4687900,45.48
128974848,32243712,float,4726100,45.48,4726300,45.48
130023424,32505856,float,4763600,45.49,4763600,45.49
131072000,32768000,float,4801900,45.49,4801300,45.50
132120576,33030144,float,4840100,45.49,4840100,45.50
133169152,33292288,float,4878800,45.49,4877900,45.50
134217728,33554432,float,4915700,45.51,4916200,45.50
135266304,33816576,float,4953900,45.51,4954200,45.51
136314880,34078720,float,4991900,45.51,4993200,45.50
137363456,34340864,float,5029300,45.52,5030500,45.51
138412032,34603008,float,5070200,45.50,5069400,45.51
139460608,34865152,float,5106800,45.51,5106900,45.51
140509184,35127296,float,5145800,45.51,5145200,45.51
141557760,35389440,float,5183300,45.52,5183200,45.52
142606336,35651584,float,5221100,45.52,5222800,45.51
143654912,35913728,float,5259000,45.53,5261700,45.50
144703488,36175872,float,5297100,45.53,5296600,45.53
145752064,36438016,float,5334500,45.54,5336300,45.52
146800640,36700160,float,5375300,45.52,5375700,45.51
147849216,36962304,float,5411400,45.54,5413000,45.52
148897792,37224448,float,5452300,45.52,5451000,45.53
149946368,37486592,float,5490800,45.51,5489600,45.52
150994944,37748736,float,5526800,45.53,5527800,45.53
152043520,38010880,float,5602700,45.23,5602500,45.23
153092096,38273024,float,5631100,45.31,5633300,45.29
154140672,38535168,float,5667900,45.33,5666700,45.34
155189248,38797312,float,5698500,45.39,5696600,45.40
156237824,39059456,float,5727100,45.47,5726100,45.48
157286400,39321600,float,5761900,45.50,5762900,45.49
158334976,39583744,float,5798800,45.51,5800200,45.50
159383552,39845888,float,5835600,45.52,5838300,45.50
160432128,40108032,float,5874300,45.52,5874900,45.51
161480704,40370176,float,5911300,45.53,5910500,45.54
162529280,40632320,float,5949500,45.53,5949500,45.53
163577856,40894464,float,5986800,45.54,5986900,45.54
164626432,41156608,float,6024700,45.54,6025600,45.54
165675008,41418752,float,6065100,45.53,6064300,45.53
166723584,41680896,float,6100900,45.55,6100400,45.55
167772160,41943040,float,6138400,45.55,6138400,45.55
168820736,42205184,float,6178400,45.54,6178100,45.54
169869312,42467328,float,6213800,45.56,6214800,45.55
170917888,42729472,float,6253500,45.55,6255900,45.53
171966464,42991616,float,6290700,45.56,6291000,45.56
173015040,43253760,float,6330600,45.55,6329100,45.56
174063616,43515904,float,6368100,45.56,6368100,45.56
175112192,43778048,float,6407600,45.55,6407100,45.55
176160768,44040192,float,6444300,45.56,6445000,45.55
177209344,44302336,float,6482500,45.56,6481400,45.57
178257920,44564480,float,6521900,45.55,6521500,45.56
179306496,44826624,float,6558300,45.57,6558600,45.57
180355072,45088768,float,6598200,45.56,6596800,45.57
181403648,45350912,float,6636200,45.56,6636100,45.56
182452224,45613056,float,6672800,45.57,6674100,45.56
183500800,45875200,float,6710900,45.57,6712500,45.56
184549376,46137344,float,6749800,45.57,6750700,45.56
185597952,46399488,float,6787300,45.58,6787800,45.57
186646528,46661632,float,6825700,45.57,6826000,45.57
187695104,46923776,float,6865100,45.57,6865400,45.57
188743680,47185920,float,6902300,45.58,6902300,45.58
189792256,47448064,float,6939700,45.58,6939400,45.58
190840832,47710208,float,6979700,45.57,6979100,45.57
191889408,47972352,float,7018700,45.57,7017900,45.57
192937984,48234496,float,7055100,45.58,7053300,45.59
193986560,48496640,float,7092200,45.59,7094200,45.57
195035136,48758784,float,7132600,45.57,7132200,45.58
196083712,49020928,float,7169600,45.58,7168200,45.59
197132288,49283072,float,7207200,45.59,7207200,45.59
198180864,49545216,float,7244900,45.59,7244600,45.59
199229440,49807360,float,7282900,45.59,7281700,45.60
200278016,50069504,float,7319500,45.60,7323300,45.58
201326592,50331648,float,7358800,45.60,7361700,45.58
202375168,50593792,float,7438600,45.34,7437400,45.35
203423744,50855936,float,7463400,45.43,7464000,45.42
204472320,51118080,float,7498700,45.45,7499000,45.44
205520896,51380224,float,7529400,45.49,7530000,45.49
206569472,51642368,float,7560000,45.54,7562200,45.53
207618048,51904512,float,7595000,45.56,7598900,45.54
208666624,52166656,float,7631400,45.57,7632900,45.56
209715200,52428800,float,7670800,45.57,7670400,45.57
210763776,52690944,float,7705000,45.59,7706600,45.58
211812352,52953088,float,7742500,45.60,7743600,45.59
212860928,53215232,float,7783800,45.58,7780700,45.60
213909504,53477376,float,7820700,45.59,7821300,45.58
214958080,53739520,float,7857000,45.60,7858300,45.59
216006656,54001664,float,7897000,45.59,7897500,45.59
217055232,54263808,float,7933000,45.60,7933200,45.60
218103808,54525952,float,7972800,45.59,7972600,45.59
219152384,54788096,float,8012500,45.59,8013600,45.58
220200960,55050240,float,8047700,45.60,8049500,45.59
221249536,55312384,float,8088200,45.59,8084000,45.61
222298112,55574528,float,8123400,45.61,8123000,45.61
223346688,55836672,float,8161000,45.61,8164100,45.60
224395264,56098816,float,8200600,45.61,8200799,45.60
225443840,56360960,float,8238000,45.61,8240600,45.60
226492416,56623104,float,8277400,45.60,8279600,45.59
227540992,56885248,float,8311900,45.63,8315799,45.60
228589568,57147392,float,8355799,45.60,8353100,45.61
229638144,57409536,float,8392100,45.61,8393600,45.60
230686720,57671680,float,8432400,45.60,8429500,45.61
231735296,57933824,float,8469500,45.60,8468700,45.61
232783872,58195968,float,8503500,45.62,8508300,45.60
233832448,58458112,float,8544000,45.61,8545100,45.61
234881024,58720256,float,8582900,45.61,8584900,45.60
235929600,58982400,float,8621100,45.61,8620100,45.62
236978176,59244544,float,8661700,45.60,8658500,45.62
238026752,59506688,float,8697300,45.61,8697500,45.61
239075328,59768832,float,8733900,45.62,8737000,45.61
240123904,60030976,float,8773500,45.62,8774900,45.61
241172480,60293120,float,8812300,45.61,8811100,45.62
242221056,60555264,float,8849400,45.62,8851000,45.61
243269632,60817408,float,8888500,45.61,8889200,45.61
244318208,61079552,float,8927500,45.61,8928200,45.61
245366784,61341696,float,8963800,45.62,8965900,45.61
246415360,61603840,float,9002500,45.62,9004100,45.61
247463936,61865984,float,9040000,45.62,9042300,45.61
248512512,62128128,float,9079700,45.62,9079300,45.62
249561088,62390272,float,9120000,45.61,9117700,45.62
250609664,62652416,float,9156500,45.62,9156800,45.61
251658240,62914560,float,9191400,45.63,9190700,45.64
252706816,63176704,float,9267300,45.45,9270900,45.43
253755392,63438848,float,9299600,45.48,9299100,45.48
254803968,63700992,float,9331700,45.51,9330500,45.51
255852544,63963136,float,9362200,45.55,9362300,45.55
256901120,64225280,float,9392900,45.58,9393300,45.58
257949696,64487424,float,9430100,45.59,9429400,45.59
258998272,64749568,float,9467200,45.60,9466800,45.60
260046848,65011712,float,9502800,45.61,9500600,45.62
261095424,65273856,float,9541400,45.61,9540400,45.61
262144000,65536000,float,9577000,45.62,9577100,45.62
263192576,65798144,float,9618700,45.60,9617400,45.61
264241152,66060288,float,9651700,45.63,9652200,45.63
265289728,66322432,float,9690500,45.63,9688900,45.63
266338304,66584576,float,9729000,45.63,9730600,45.62
267386880,66846720,float,9765400,45.64,9767900,45.62
268435456,67108864,float,9803200,45.64,9806000,45.62
269484032,67371008,float,9840900,45.64,9843300,45.63
270532608,67633152,float,9878900,45.64,9883600,45.62
271581184,67895296,float,9919200,45.63,9921400,45.62
272629760,68157440,float,9957700,45.63,9957800,45.63
273678336,68419584,float,9996000,45.63,9996600,45.63
274726912,68681728,float,10033000,45.64,10034000,45.63
275775488,68943872,float,10071000,45.64,10073000,45.63
276824064,69206016,float,10108000,45.64,10108000,45.64
277872640,69468160,float,10148000,45.64,10149000,45.63
278921216,69730304,float,10187000,45.63,10191000,45.62
279969792,69992448,float,10225000,45.63,10223000,45.64
281018368,70254592,float,10263000,45.63,10264000,45.63
282066944,70516736,float,10299000,45.65,10303000,45.63
283115520,70778880,float,10339000,45.64,10341000,45.63
284164096,71041024,float,10375000,45.65,10378000,45.64
285212672,71303168,float,10416000,45.64,10416000,45.64
286261248,71565312,float,10453000,45.64,10456000,45.63
287309824,71827456,float,10493000,45.64,10491000,45.64
288358400,72089600,float,10529000,45.64,10530000,45.64
289406976,72351744,float,10568000,45.64,10564000,45.66
290455552,72613888,float,10603000,45.65,10606000,45.64
291504128,72876032,float,10646000,45.64,10642000,45.65
292552704,73138176,float,10680000,45.65,10684000,45.64
293601280,73400320,float,10721000,45.64,10720000,45.65
294649856,73662464,float,10757000,45.65,10758000,45.65
295698432,73924608,float,10796000,45.65,10797000,45.65
296747008,74186752,float,10839000,45.63,10835000,45.65
297795584,74448896,float,10874000,45.64,10876000,45.64
298844160,74711040,float,10908000,45.66,10914000,45.64
299892736,74973184,float,10951000,45.64,10950000,45.65
300941312,75235328,float,10985000,45.66,10989000,45.64
301989888,75497472,float,11026000,45.65,11024000,45.65
303038464,75759616,float,11102000,45.49,11100000,45.50
304087040,76021760,float,11132000,45.53,11131000,45.53
305135616,76283904,float,11168000,45.54,11165000,45.55
306184192,76546048,float,11196000,45.58,11200000,45.56
307232768,76808192,float,11225000,45.62,11225000,45.62
308281344,77070336,float,11260000,45.63,11261000,45.63
309329920,77332480,float,11297000,45.63,11300000,45.63
310378496,77594624,float,11333000,45.64,11334000,45.64
311427072,77856768,float,11374000,45.63,11374000,45.64
312475648,78118912,float,11407000,45.65,11407000,45.65
313524224,78381056,float,11447000,45.65,11450000,45.64
314572800,78643200,float,11484000,45.65,11483000,45.66
315621376,78905344,float,11523000,45.65,11525000,45.64
316669952,79167488,float,11558000,45.66,11565000,45.64
317718528,79429632,float,11597000,45.66,11598000,45.66
318767104,79691776,float,11639000,45.64,11639000,45.65
319815680,79953920,float,11675000,45.66,11679000,45.64
320864256,80216064,float,11717000,45.64,11712000,45.66
321912832,80478208,float,11753000,45.65,11754000,45.65
322961408,80740352,float,11795000,45.64,11792000,45.65
324009984,81002496,float,11830000,45.65,11832000,45.64
325058560,81264640,float,11868000,45.65,11869000,45.65
326107136,81526784,float,11903000,45.66,11905000,45.66
327155712,81788928,float,11943000,45.65,11942000,45.66
328204288,82051072,float,11981000,45.66,11977000,45.67
329252864,82313216,float,12017000,45.66,12019000,45.66
330301440,82575360,float,12057000,45.66,12055000,45.66
331350016,82837504,float,12095000,45.66,12096000,45.66
332398592,83099648,float,12135000,45.65,12135000,45.65
333447168,83361792,float,12171000,45.66,12174000,45.65
334495744,83623936,float,12210000,45.66,12210000,45.66
335544320,83886080,float,12251000,45.65,12246000,45.67
336592896,84148224,float,12287000,45.66,12285000,45.67
337641472,84410368,float,12325000,45.66,12322000,45.67
338690048,84672512,float,12361000,45.67,12361000,45.67
339738624,84934656,float,12402000,45.65,12398000,45.67
340787200,85196800,float,12436000,45.67,12442000,45.65
341835776,85458944,float,12476000,45.67,12477000,45.66
342884352,85721088,float,12515000,45.66,12515000,45.66
343932928,85983232,float,12552000,45.67,12554000,45.66
344981504,86245376,float,12594000,45.66,12594000,45.66
346030080,86507520,float,12628000,45.67,12625000,45.68
347078656,86769664,float,12669000,45.66,12669000,45.66
348127232,87031808,float,12707000,45.66,12707000,45.66
349175808,87293952,float,12745000,45.66,12745000,45.66
350224384,87556096,float,12781000,45.67,12782000,45.67
351272960,87818240,float,12821000,45.66,12826000,45.64
352321536,88080384,float,12856000,45.68,12861000,45.66
353370112,88342528,float,12934000,45.53,12932000,45.54
354418688,88604672,float,12964000,45.57,12962000,45.57
355467264,88866816,float,12995000,45.59,12997000,45.58
356515840,89128960,float,13028000,45.61,13025000,45.62
357564416,89391104,float,13059000,45.63,13058000,45.64
358612992,89653248,float,13093000,45.65,13093000,45.65
359661568,89915392,float,13130000,45.65,13133000,45.64
360710144,90177536,float,13169000,45.65,13169000,45.65
361758720,90439680,float,13204000,45.66,13205000,45.66
362807296,90701824,float,13238000,45.68,13242000,45.66
363855872,90963968,float,13279000,45.67,13281000,45.66
364904448,91226112,float,13318000,45.66,13316000,45.67
365953024,91488256,float,13356000,45.67,13359000,45.66
367001600,91750400,float,13396000,45.66,13392000,45.68
368050176,92012544,float,13429000,45.68,13431000,45.67
369098752,92274688,float,13472000,45.66,13475000,45.65
370147328,92536832,float,13512000,45.66,13509000,45.67
371195904,92798976,float,13547000,45.67,13545000,45.67
372244480,93061120,float,13583000,45.67,13581000,45.68
373293056,93323264,float,13623000,45.67,13619000,45.68
374341632,93585408,float,13659000,45.68,13664000,45.66
375390208,93847552,float,13699000,45.67,13701000,45.66
376438784,94109696,float,13740000,45.66,13738000,45.67
377487360,94371840,float,13773000,45.68,13778000,45.66
378535936,94633984,float,13813000,45.67,13813000,45.67
379584512,94896128,float,13855000,45.66,13850000,45.68
380633088,95158272,float,13890000,45.67,13893000,45.66
381681664,95420416,float,13925000,45.68,13928000,45.67
382730240,95682560,float,13964000,45.68,13965000,45.68
383778816,95944704,float,14007000,45.67,14001000,45.69
384827392,96206848,float,14043000,45.67,14040000,45.68
385875968,96468992,float,14080000,45.68,14080000,45.68
386924544,96731136,float,14117000,45.68,14119000,45.68
387973120,96993280,float,14157000,45.67,14155000,45.68
389021696,97255424,float,14193000,45.68,14195000,45.68
390070272,97517568,float,14233000,45.68,14231000,45.68
391118848,97779712,float,14271000,45.68,14271000,45.68
392167424,98041856,float,14308000,45.68,14309000,45.68
393216000,98304000,float,14343000,45.69,14348000,45.68
394264576,98566144,float,14383000,45.69,14384000,45.68
395313152,98828288,float,14422000,45.69,14422000,45.68
396361728,99090432,float,14465000,45.67,14465000,45.67
397410304,99352576,float,14501000,45.68,14496000,45.69
398458880,99614720,float,14540000,45.67,14538000,45.68
399507456,99876864,float,14577000,45.68,14577000,45.68
400556032,100139008,float,14609000,45.70,14616000,45.68
401604608,100401152,float,14654000,45.68,14652000,45.68
402653184,100663296,float,14689000,45.69,14691000,45.68
403701760,100925440,float,14770000,45.55,14767000,45.56
404750336,101187584,float,14798000,45.59,14800000,45.58
405798912,101449728,float,14828000,45.61,14827000,45.61
406847488,101711872,float,14858000,45.64,14861000,45.63
407896064,101974016,float,14892000,45.65,14891000,45.65
408944640,102236160,float,14927000,45.66,14925000,45.67
409993216,102498304,float,14962000,45.67,14959000,45.68
411041792,102760448,float,15002000,45.67,15002000,45.67
412090368,103022592,float,15038000,45.67,15040000,45.67
413138944,103284736,float,15078000,45.67,15074000,45.68
414187520,103546880,float,15112000,45.68,15111000,45.68
415236096,103809024,float,15145000,45.70,15146000,45.69
416284672,104071168,float,15191000,45.67,15186000,45.69
417333248,104333312,float,15225000,45.69,15225000,45.69
418381824,104595456,float,15267000,45.68,15265000,45.68
419430400,104857600,float,15298000,45.70,15303000,45.68
420478976,105119744,float,15344000,45.67,15340000,45.68
421527552,105381888,float,15380000,45.68,15376000,45.69
422576128,105644032,float,15418000,45.68,15416000,45.69
423624704,105906176,float,15454000,45.69,15450000,45.70
424673280,106168320,float,15495000,45.68,15495000,45.68
425721856,106430464,float,15532000,45.68,15535000,45.67
426770432,106692608,float,15569000,45.69,15569000,45.69
427819008,106954752,float,15610000,45.68,15607000,45.69
428867584,107216896,float,15650000,45.67,15643000,45.69
429916160,107479040,float,15685000,45.68,15684000,45.68
430964736,107741184,float,15721000,45.69,15723000,45.68
432013312,108003328,float,15763000,45.68,15759000,45.69
433061888,108265472,float,15801000,45.68,15798000,45.69
434110464,108527616,float,15834000,45.69,15835000,45.69
435159040,108789760,float,15873000,45.69,15870000,45.70
436207616,109051904,float,15915000,45.68,15918000,45.67
437256192,109314048,float,15949000,45.69,15953000,45.68
438304768,109576192,float,15990000,45.68,15988000,45.69
439353344,109838336,float,16029000,45.68,16026000,45.69
440401920,110100480,float,16065000,45.69,16063000,45.70
441450496,110362624,float,16101000,45.69,16102000,45.69
442499072,110624768,float,16142000,45.69,16144000,45.68
443547648,110886912,float,16183000,45.68,16179000,45.69
444596224,111149056,float,16216000,45.70,16214000,45.70
445644800,111411200,float,16255000,45.69,16255000,45.69
446693376,111673344,float,16294000,45.69,16290000,45.70
447741952,111935488,float,16328000,45.70,16332000,45.69
448790528,112197632,float,16366000,45.70,16369000,45.69
449839104,112459776,float,16409000,45.69,16405000,45.70
450887680,112721920,float,16448000,45.69,16445000,45.70
451936256,112984064,float,16483000,45.70,16484000,45.69
452984832,113246208,float,16525000,45.69,16527000,45.68
454033408,113508352,float,16598000,45.59,16600000,45.59
455081984,113770496,float,16625000,45.62,16628000,45.61
456130560,114032640,float,16665000,45.62,16664000,45.62
457179136,114294784,float,16691000,45.65,16692000,45.65
458227712,114556928,float,16724000,45.67,16723000,45.67
459276288,114819072,float,16760000,45.67,16760000,45.67
460324864,115081216,float,16797000,45.67,16796000,45.68
461373440,115343360,float,16832000,45.68,16830000,45.69
462422016,115605504,float,16867000,45.69,16867000,45.69
463470592,115867648,float,16905000,45.69,16905000,45.69
464519168,116129792,float,16946000,45.69,16947000,45.68
465567744,116391936,float,16984000,45.69,16981000,45.70
466616320,116654080,float,17017000,45.70,17019000,45.70
467664896,116916224,float,17055000,45.70,17056000,45.70
468713472,117178368,float,17093000,45.70,17097000,45.69
469762048,117440512,float,17132000,45.70,17137000,45.69
470810624,117702656,float,17174000,45.69,17175000,45.69
471859200,117964800,float,17214000,45.69,17210000,45.69
472907776,118226944,float,17245000,45.71,17250000,45.69
473956352,118489088,float,17290000,45.69,17284000,45.70
475004928,118751232,float,17319000,45.71,17328000,45.69
476053504,119013376,float,17358000,45.71,17364000,45.69
477102080,119275520,float,17400000,45.70,17401000,45.70
478150656,119537664,float,17441000,45.69,17437000,45.70
479199232,119799808,float,17481000,45.69,17480000,45.69
480247808,120061952,float,17519000,45.69,17514000,45.70
481296384,120324096,float,17550000,45.71,17550000,45.71
482344960,120586240,float,17593000,45.69,17588000,45.71
483393536,120848384,float,17630000,45.70,17628000,45.70
484442112,121110528,float,17671000,45.69,17666000,45.70
485490688,121372672,float,17708000,45.69,17702000,45.71
486539264,121634816,float,17744000,45.70,17742000,45.70
487587840,121896960,float,17779000,45.71,17779000,45.71
488636416,122159104,float,17825000,45.69,17825000,45.69
489684992,122421248,float,17857000,45.71,17861000,45.69
490733568,122683392,float,17900000,45.69,17900000,45.69
491782144,122945536,float,17934000,45.70,17936000,45.70
492830720,123207680,float,17975000,45.69,17976000,45.69
493879296,123469824,float,18015000,45.69,18012000,45.70
494927872,123731968,float,18048000,45.70,18058000,45.68
495976448,123994112,float,18086000,45.71,18087000,45.70
497025024,124256256,float,18127000,45.70,18124000,45.70
498073600,124518400,float,18161000,45.71,18164000,45.70
499122176,124780544,float,18200000,45.71,18201000,45.70
500170752,125042688,float,18239000,45.70,18246000,45.69
501219328,125304832,float,18281000,45.70,18277000,45.71
502267904,125566976,float,18314000,45.71,18319000,45.70
503316480,125829120,float,18354000,45.70,18358000,45.70
504365056,126091264,float,18431000,45.61,18435000,45.60
505413632,126353408,float,18458000,45.64,18463000,45.62
506462208,126615552,float,18498000,45.63,18491000,45.65
507510784,126877696,float,18523000,45.67,18524000,45.66
508559360,127139840,float,18559000,45.67,18554000,45.68
509607936,127401984,float,18592000,45.68,18588000,45.69
510656512,127664128,float,18624000,45.70,18630000,45.68
511705088,127926272,float,18664000,45.69,18664000,45.69
512753664,128188416,float,18701000,45.70,18696000,45.71
513802240,128450560,float,18736000,45.71,18737000,45.70
514850816,128712704,float,18771000,45.71,18779000,45.69
515899392,128974848,float,18811000,45.71,18812000,45.71
516947968,129236992,float,18849000,45.71,18855000,45.69
517996544,129499136,float,18889000,45.70,18893000,45.70
519045120,129761280,float,18925000,45.71,18921000,45.72
520093696,130023424,float,18967000,45.70,18968000,45.70
521142272,130285568,float,19006000,45.70,19003000,45.71
522190848,130547712,float,19042000,45.71,19042000,45.71
523239424,130809856,float,19079000,45.71,19082000,45.70
524288000,131072000,float,19117000,45.71,19118000,45.71
525336576,131334144,float,19156000,45.71,19157000,45.70
526385152,131596288,float,19197000,45.70,19195000,45.70
527433728,131858432,float,19235000,45.70,19230000,45.71
528482304,132120576,float,19272000,45.70,19270000,45.71
529530880,132382720,float,19310000,45.70,19307000,45.71
530579456,132644864,float,19346000,45.71,19343000,45.72
531628032,132907008,float,19386000,45.71,19390000,45.70
532676608,133169152,float,19425000,45.70,19422000,45.71
533725184,133431296,float,19466000,45.70,19464000,45.70
534773760,133693440,float,19503000,45.70,19504000,45.70
535822336,133955584,float,19537000,45.71,19542000,45.70
536870912,134217728,float,19579000,45.70,19571000,45.72
537919488,134479872,float,19614000,45.71,19612000,45.71
538968064,134742016,float,19652000,45.71,19656000,45.70
540016640,135004160,float,19690000,45.71,19685000,45.72
541065216,135266304,float,19725000,45.72,19726000,45.72
542113792,135528448,float,19764000,45.72,19769000,45.70
543162368,135790592,float,19807000,45.70,19803000,45.71
544210944,136052736,float,19841000,45.71,19848000,45.70
545259520,136314880,float,19886000,45.70,19883000,45.71
546308096,136577024,float,19915000,45.72,19917000,45.72
547356672,136839168,float,19958000,45.71,19954000,45.72
548405248,137101312,float,19991000,45.72,19997000,45.71
549453824,137363456,float,20035000,45.71,20039000,45.70
550502400,137625600,float,20072000,45.71,20073000,45.71
551550976,137887744,float,20111000,45.71,20106000,45.72
552599552,138149888,float,20149000,45.71,20149000,45.71
553648128,138412032,float,20182000,45.72,20191000,45.70
554696704,138674176,float,20260000,45.63,20260000,45.63
555745280,138936320,float,20293000,45.64,20296000,45.64
556793856,139198464,float,20324000,45.66,20325000,45.66
557842432,139460608,float,20359000,45.67,20357000,45.67
558891008,139722752,float,20388000,45.69,20390000,45.68
559939584,139984896,float,20425000,45.69,20429000,45.68
560988160,140247040,float,20458000,45.70,20465000,45.69
562036736,140509184,float,20493000,45.71,20497000,45.70
563085312,140771328,float,20531000,45.71,20532000,45.71
564133888,141033472,float,20567000,45.71,20573000,45.70
565182464,141295616,float,20608000,45.71,20607000,45.71
566231040,141557760,float,20644000,45.71,20646000,45.71
567279616,141819904,float,20683000,45.71,20677000,45.72
568328192,142082048,float,20725000,45.70,20720000,45.72
569376768,142344192,float,20761000,45.71,20757000,45.72
570425344,142606336,float,20799000,45.71,20801000,45.70
571473920,142868480,float,20839000,45.71,20831000,45.72
572522496,143130624,float,20877000,45.71,20880000,45.70
573571072,143392768,float,20914000,45.71,20910000,45.72
574619648,143654912,float,20951000,45.71,20948000,45.72
575668224,143917056,float,20985000,45.72,20991000,45.71
576716800,144179200,float,21031000,45.70,21027000,45.71
577765376,144441344,float,21073000,45.70,21068000,45.71
578813952,144703488,float,21110000,45.70,21104000,45.71
579862528,144965632,float,21140000,45.72,21143000,45.71
580911104,145227776,float,21183000,45.70,21178000,45.72
581959680,145489920,float,21215000,45.72,21217000,45.72
583008256,145752064,float,21256000,45.71,21257000,45.71
584056832,146014208,float,21294000,45.71,21292000,45.72
585105408,146276352,float,21332000,45.72,21329000,45.72
586153984,146538496,float,21374000,45.71,21369000,45.72
587202560,146800640,float,21410000,45.71,21407000,45.72
588251136,147062784,float,21441000,45.73,21444000,45.72
589299712,147324928,float,21486000,45.71,21485000,45.71
590348288,147587072,float,21528000,45.70,21518000,45.73
591396864,147849216,float,21560000,45.72,21561000,45.72
592445440,148111360,float,21597000,45.72,21595000,45.72
593494016,148373504,float,21640000,45.71,21636000,45.72
594542592,148635648,float,21675000,45.72,21678000,45.71
595591168,148897792,float,21706000,45.73,21708000,45.73
596639744,149159936,float,21754000,45.71,21756000,45.71
597688320,149422080,float,21786000,45.72,21792000,45.71
598736896,149684224,float,21833000,45.71,21827000,45.72
599785472,149946368,float,21870000,45.71,21865000,45.72
600834048,150208512,float,21901000,45.72,21901000,45.72
601882624,150470656,float,21942000,45.72,21940000,45.72
602931200,150732800,float,21980000,45.72,21980000,45.72
603979776,150994944,float,22015000,45.72,22018000,45.72
605028352,151257088,float,22096000,45.64,22091000,45.65
606076928,151519232,float,22119000,45.67,22119000,45.67
607125504,151781376,float,22156000,45.67,22155000,45.67
608174080,152043520,float,22185000,45.69,22184000,45.69
609222656,152305664,float,22217000,45.70,22214000,45.71
610271232,152567808,float,22254000,45.70,22252000,45.71
611319808,152829952,float,22289000,45.71,22289000,45.71
612368384,153092096,float,22330000,45.71,22330000,45.71
613416960,153354240,float,22365000,45.71,22365000,45.71
614465536,153616384,float,22405000,45.71,22410000,45.70
615514112,153878528,float,22443000,45.71,22437000,45.72
616562688,154140672,float,22479000,45.71,22480000,45.71
617611264,154402816,float,22512000,45.72,22516000,45.72
618659840,154664960,float,22550000,45.72,22553000,45.72
619708416,154927104,float,22589000,45.72,22595000,45.71
620756992,155189248,float,22630000,45.72,22628000,45.72
621805568,155451392,float,22670000,45.72,22666000,45.72
622854144,155713536,float,22706000,45.72,22704000,45.72
623902720,155975680,float,22742000,45.72,22739000,45.73
624951296,156237824,float,22778000,45.73,22780000,45.72
625999872,156499968,float,22823000,45.71,22823000,45.71
627048448,156762112,float,22862000,45.71,22858000,45.72
628097024,157024256,float,22897000,45.72,22893000,45.73
629145600,157286400,float,22937000,45.72,22936000,45.72
630194176,157548544,float,22967000,45.73,22973000,45.72
631242752,157810688,float,23017000,45.71,23009000,45.72
632291328,158072832,float,23046000,45.73,23047000,45.72
633339904,158334976,float,23087000,45.72,23088000,45.72
634388480,158597120,float,23126000,45.72,23126000,45.72
635437056,158859264,float,23160000,45.73,23169000,45.71
636485632,159121408,float,23206000,45.71,23202000,45.72
637534208,159383552,float,23240000,45.72,23239000,45.72
638582784,159645696,float,23274000,45.73,23279000,45.72
639631360,159907840,float,23318000,45.72,23318000,45.72
640679936,160169984,float,23355000,45.72,23353000,45.72
641728512,160432128,float,23398000,45.71,23392000,45.72
642777088,160694272,float,23427000,45.73,23430000,45.72
643825664,160956416,float,23466000,45.73,23467000,45.73
644874240,161218560,float,23504000,45.73,23510000,45.72
645922816,161480704,float,23540000,45.73,23546000,45.72
646971392,161742848,float,23581000,45.73,23581000,45.73
648019968,162004992,float,23619000,45.73,23620000,45.72
649068544,162267136,float,23655000,45.73,23663000,45.72
650117120,162529280,float,23694000,45.73,23697000,45.72
651165696,162791424,float,23736000,45.72,23733000,45.73
652214272,163053568,float,23780000,45.71,23773000,45.72
653262848,163315712,float,23810000,45.73,23813000,45.72
654311424,163577856,float,23850000,45.72,23849000,45.73
655360000,163840000,float,23927000,45.65,23926000,45.65
656408576,164102144,float,23954000,45.67,23951000,45.68
657457152,164364288,float,23989000,45.68,23984000,45.69
658505728,164626432,float,24017000,45.70,24015000,45.70
659554304,164888576,float,24050000,45.71,24050000,45.71
660602880,165150720,float,24087000,45.71,24078000,45.73
661651456,165412864,float,24119000,45.72,24118000,45.72
662700032,165675008,float,24158000,45.72,24160000,45.72
663748608,165937152,float,24197000,45.72,24199000,45.71
664797184,166199296,float,24236000,45.72,24234000,45.72
665845760,166461440,float,24270000,45.73,24271000,45.72
666894336,166723584,float,24306000,45.73,24309000,45.72
667942912,166985728,float,24346000,45.73,24353000,45.71
668991488,167247872,float,24386000,45.72,24384000,45.73
670040064,167510016,float,24420000,45.73,24428000,45.72
671088640,167772160,float,24463000,45.72,24462000,45.72
672137216,168034304,float,24500000,45.72,24505000,45.71
673185792,168296448,float,24543000,45.72,24536000,45.73
674234368,168558592,float,24570000,45.74,24579000,45.72
675282944,168820736,float,24614000,45.72,24615000,45.72
676331520,169082880,float,24651000,45.73,24648000,45.73
677380096,169345024,float,24685000,45.74,24696000,45.71
678428672,169607168,float,24727000,45.73,24726000,45.73
679477248,169869312,float,24764000,45.73,24772000,45.72
680525824,170131456,float,24809000,45.72,24803000,45.73
681574400,170393600,float,24846000,45.72,24842000,45.73
682622976,170655744,float,24888000,45.71,24885000,45.72
683671552,170917888,float,24921000,45.72,24918000,45.73
684720128,171180032,float,24964000,45.71,24954000,45.73
685768704,171442176,float,24992000,45.73,24988000,45.74
686817280,171704320,float,25034000,45.73,25037000,45.72
687865856,171966464,float,25070000,45.73,25071000,45.73
688914432,172228608,float,25111000,45.72,25108000,45.73
689963008,172490752,float,25147000,45.73,25148000,45.73
691011584,172752896,float,25181000,45.74,25183000,45.73
692060160,173015040,float,25223000,45.73,25224000,45.73
693108736,173277184,float,25260000,45.73,25258000,45.74
694157312,173539328,float,25302000,45.72,25297000,45.73
695205888,173801472,float,25346000,45.72,25334000,45.74
696254464,174063616,float,25373000,45.74,25380000,45.72
697303040,174325760,float,25411000,45.73,25410000,45.74
698351616,174587904,float,25452000,45.73,25453000,45.73
699400192,174850048,float,25497000,45.72,25491000,45.73
700448768,175112192,float,25525000,45.74,25527000,45.73
701497344,175374336,float,25569000,45.73,25572000,45.72
702545920,175636480,float,25604000,45.73,25613000,45.72
703594496,175898624,float,25636000,45.74,25643000,45.73
704643072,176160768,float,25680000,45.73,25681000,45.73
705691648,176422912,float,25764000,45.65,25760000,45.66
706740224,176685056,float,25792000,45.67,25786000,45.68
707788800,176947200,float,25822000,45.68,25824000,45.68
708837376,177209344,float,25854000,45.70,25845000,45.71
709885952,177471488,float,25881000,45.71,25886000,45.71
710934528,177733632,float,25917000,45.72,25917000,45.72
711983104,177995776,float,25958000,45.71,25956000,45.72
713031680,178257920,float,25987000,45.73,25988000,45.73
714080256,178520064,float,26025000,45.73,26031000,45.72
715128832,178782208,float,26067000,45.72,26066000,45.73
716177408,179044352,float,26102000,45.73,26106000,45.72
717225984,179306496,float,26141000,45.73,26143000,45.72
718274560,179568640,float,26180000,45.73,26171000,45.74
719323136,179830784,float,26218000,45.73,26212000,45.74
720371712,180092928,float,26260000,45.72,26258000,45.72
721420288,180355072,float,26295000,45.73,26291000,45.73
722468864,180617216,float,26333000,45.73,26332000,45.73
723517440,180879360,float,26370000,45.73,26370000,45.73
724566016,181141504,float,26413000,45.72,26399000,45.74
725614592,181403648,float,26446000,45.73,26447000,45.73
726663168,181665792,float,26482000,45.73,26477000,45.74
727711744,181927936,float,26523000,45.73,26524000,45.73
728760320,182190080,float,26559000,45.73,26557000,45.74
729808896,182452224,float,26598000,45.73,26597000,45.73
730857472,182714368,float,26634000,45.74,26635000,45.73
731906048,182976512,float,26669000,45.74,26674000,45.73
732954624,183238656,float,26718000,45.72,26713000,45.73
734003200,183500800,float,26755000,45.72,26752000,45.73
735051776,183762944,float,26785000,45.74,26788000,45.73
736100352,184025088,float,26827000,45.73,26824000,45.74
737148928,184287232,float,26875000,45.71,26861000,45.74
738197504,184549376,float,26902000,45.73,26900000,45.74
739246080,184811520,float,26940000,45.73,26931000,45.75
740294656,185073664,float,26981000,45.73,26982000,45.73
741343232,185335808,float,27023000,45.72,27019000,45.73
742391808,185597952,float,27055000,45.73,27052000,45.74
743440384,185860096,float,27091000,45.74,27089000,45.74
744488960,186122240,float,27136000,45.73,27126000,45.74
745537536,186384384,float,27170000,45.73,27172000,45.73
746586112,186646528,float,27211000,45.73,27209000,45.73
747634688,186908672,float,27240000,45.74,27245000,45.73
748683264,187170816,float,27285000,45.73,27281000,45.74
749731840,187432960,float,27316000,45.74,27326000,45.73
750780416,187695104,float,27358000,45.74,27358000,45.74
751828992,187957248,float,27398000,45.73,27396000,45.74
752877568,188219392,float,27438000,45.73,27433000,45.74
753926144,188481536,float,27475000,45.73,27473000,45.74
754974720,188743680,float,27516000,45.73,27510000,45.74
756023296,189005824,float,27588000,45.67,27590000,45.67
757071872,189267968,float,27621000,45.68,27622000,45.68
758120448,189530112,float,27663000,45.68,27655000,45.69
759169024,189792256,float,27689000,45.70,27690000,45.69
760217600,190054400,float,27712000,45.72,27714000,45.72
761266176,190316544,float,27750000,45.72,27762000,45.70
762314752,190578688,float,27785000,45.73,27791000,45.72
763363328,190840832,float,27820000,45.73,27817000,45.74
764411904,191102976,float,27865000,45.72,27856000,45.74
765460480,191365120,float,27897000,45.73,27899000,45.73
766509056,191627264,float,27931000,45.74,27929000,45.74
767557632,191889408,float,27974000,45.73,27976000,45.73
768606208,192151552,float,28014000,45.73,28017000,45.72
769654784,192413696,float,28054000,45.72,28044000,45.74
770703360,192675840,float,28089000,45.73,28088000,45.73
771751936,192937984,float,28124000,45.73,28131000,45.72
772800512,193200128,float,28164000,45.73,28161000,45.74
773849088,193462272,float,28205000,45.73,28203000,45.73
774897664,193724416,float,28241000,45.73,28240000,45.73
775946240,193986560,float,28287000,45.72,28274000,45.74
776994816,194248704,float,28320000,45.73,28314000,45.74
778043392,194510848,float,28359000,45.73,28353000,45.73
779091968,194772992,float,28389000,45.74,28388000,45.74
780140544,195035136,float,28431000,45.73,28424000,45.74
781189120,195297280,float,28467000,45.74,28473000,45.73
782237696,195559424,float,28506000,45.73,28508000,45.73
783286272,195821568,float,28542000,45.74,28550000,45.73
784334848,196083712,float,28586000,45.73,28580000,45.74
785383424,196345856,float,28620000,45.74,28617000,45.74
786432000,196608000,float,28672000,45.71,28667000,45.72
787480576,196870144,float,28697000,45.73,28696000,45.74
788529152,197132288,float,28728000,45.75,28742000,45.73
789577728,197394432,float,28779000,45.73,28770000,45.74
790626304,197656576,float,28811000,45.74,28806000,45.74
791674880,197918720,float,28846000,45.74,28856000,45.73
792723456,198180864,float,28888000,45.74,28892000,45.73
793772032,198443008,float,28924000,45.74,28920000,45.75
794820608,198705152,float,28972000,45.72,28965000,45.73
795869184,198967296,float,29003000,45.74,29002000,45.74
796917760,199229440,float,29038000,45.74,29038000,45.74
797966336,199491584,float,29087000,45.72,29074000,45.74
799014912,199753728,float,29120000,45.73,29112000,45.74
800063488,200015872,float,29154000,45.74,29150000,45.74
801112064,200278016,float,29195000,45.73,29195000,45.73
802160640,200540160,float,29236000,45.73,29230000,45.74
803209216,200802304,float,29264000,45.74,29265000,45.74
804257792,201064448,float,29300000,45.75,29313000,45.73
805306368,201326592,float,29346000,45.74,29343000,45.74
806354944,201588736,float,29422000,45.68,29422000,45.68
807403520,201850880,float,29450000,45.69,29451000,45.69
808452096,202113024,float,29479000,45.71,29477000,45.71
809500672,202375168,float,29514000,45.71,29515000,45.71
810549248,202637312,float,29552000,45.71,29546000,45.72
811597824,202899456,float,29581000,45.73,29585000,45.72
812646400,203161600,float,29621000,45.73,29618000,45.73
813694976,203423744,float,29650000,45.74,29648000,45.74
814743552,203685888,float,29688000,45.74,29690000,45.74
815792128,203948032,float,29728000,45.74,29730000,45.73
816840704,204210176,float,29769000,45.73,29770000,45.73
817889280,204472320,float,29801000,45.74,29805000,45.74
818937856,204734464,float,29849000,45.73,29843000,45.74
819986432,204996608,float,29883000,45.73,29883000,45.73
821035008,205258752,float,29913000,45.75,29919000,45.74
822083584,205520896,float,29965000,45.72,29959000,45.73
823132160,205783040,float,29997000,45.73,29993000,45.74
824180736,206045184,float,30030000,45.74,30037000,45.73
825229312,206307328,float,30073000,45.73,30066000,45.74
826277888,206569472,float,30106000,45.74,30105000,45.74
827326464,206831616,float,30145000,45.74,30149000,45.74
828375040,207093760,float,30183000,45.74,30190000,45.73
829423616,207355904,float,30225000,45.74,30223000,45.74
830472192,207618048,float,30260000,45.74,30263000,45.74
831520768,207880192,float,30305000,45.73,30297000,45.74
832569344,208142336,float,30342000,45.73,30342000,45.73
833617920,208404480,float,30379000,45.73,30373000,45.74
834666496,208666624,float,30419000,45.73,30409000,45.75
835715072,208928768,float,30450000,45.74,30451000,45.74
836763648,209190912,float,30485000,45.75,30488000,45.74
837812224,209453056,float,30528000,45.74,30521000,45.75
838860800,209715200,float,30573000,45.73,30561000,45.75
839909376,209977344,float,30605000,45.74,30613000,45.73
840957952,210239488,float,30638000,45.75,30639000,45.75
842006528,210501632,float,30688000,45.73,30684000,45.73
843055104,210763776,float,30722000,45.74,30725000,45.73
844103680,211025920,float,30756000,45.74,30756000,45.74
845152256,211288064,float,30803000,45.73,30789000,45.75
846200832,211550208,float,30827000,45.75,30840000,45.73
847249408,211812352,float,30866000,45.75,30863000,45.75
848297984,212074496,float,30909000,45.74,30906000,45.75
849346560,212336640,float,30947000,45.74,30949000,45.74
850395136,212598784,float,30988000,45.74,30986000,45.74
851443712,212860928,float,31026000,45.74,31022000,45.74
852492288,213123072,float,31067000,45.73,31064000,45.74
853540864,213385216,float,31103000,45.74,31105000,45.73
854589440,213647360,float,31147000,45.73,31140000,45.74
855638016,213909504,float,31178000,45.74,31173000,45.75
856686592,214171648,float,31247000,45.69,31247000,45.69
857735168,214433792,float,31282000,45.70,31276000,45.71
858783744,214695936,float,31313000,45.71,31314000,45.71
859832320,214958080,float,31346000,45.72,31344000,45.72
860880896,215220224,float,31378000,45.73,31374000,45.73
861929472,215482368,float,31414000,45.73,31413000,45.73
862978048,215744512,float,31452000,45.73,31448000,45.74
864026624,216006656,float,31485000,45.74,31483000,45.74
865075200,216268800,float,31527000,45.73,31519000,45.74
866123776,216530944,float,31565000,45.73,31556000,45.75
867172352,216793088,float,31598000,45.74,31596000,45.74
868220928,217055232,float,31639000,45.74,31627000,45.75
869269504,217317376,float,31674000,45.74,31671000,45.75
870318080,217579520,float,31715000,45.74,31711000,45.74
871366656,217841664,float,31751000,45.74,31752000,45.74
872415232,218103808,float,31785000,45.75,31786000,45.74
873463808,218365952,float,31825000,45.74,31824000,45.74
874512384,218628096,float,31868000,45.74,31864000,45.74
875560960,218890240,float,31902000,45.74,31897000,45.75
876609536,219152384,float,31947000,45.73,31947000,45.73
877658112,219414528,float,31978000,45.74,31975000,45.75
878706688,219676672,float,32015000,45.75,32021000,45.74
879755264,219938816,float,32056000,45.74,32055000,45.74
880803840,220200960,float,32097000,45.74,32099000,45.73
881852416,220463104,float,32128000,45.75,32126000,45.75
882900992,220725248,float,32168000,45.74,32178000,45.73
883949568,220987392,float,32205000,45.75,32215000,45.73
884998144,221249536,float,32240000,45.75,32245000,45.74
886046720,221511680,float,32290000,45.73,32277000,45.75
887095296,221773824,float,32319000,45.75,32320000,45.74
888143872,222035968,float,32352000,45.75,32354000,45.75
889192448,222298112,float,32392000,45.75,32398000,45.74
890241024,222560256,float,32439000,45.74,32438000,45.74
891289600,222822400,float,32475000,45.74,32474000,45.74
892338176,223084544,float,32511000,45.74,32505000,45.75
893386752,223346688,float,32554000,45.74,32549000,45.75
894435328,223608832,float,32591000,45.74,32588000,45.74
895483904,223870976,float,32628000,45.74,32623000,45.75
896532480,224133120,float,32663000,45.75,32668000,45.74
897581056,224395264,float,32705000,45.74,32703000,45.74
898629632,224657408,float,32741000,45.74,32742000,45.74
899678208,224919552,float,32775000,45.75,32782000,45.74
900726784,225181696,float,32815000,45.75,32813000,45.75
901775360,225443840,float,32855000,45.74,32849000,45.75
902823936,225705984,float,32889000,45.75,32893000,45.74
903872512,225968128,float,32930000,45.75,32927000,45.75
904921088,226230272,float,32976000,45.74,32965000,45.75
905969664,226492416,float,33012000,45.74,33007000,45.75
907018240,226754560,float,33087000,45.69,33082000,45.69
908066816,227016704,float,33118000,45.70,33121000,45.70
909115392,227278848,float,33145000,45.71,33146000,45.71
910163968,227540992,float,33176000,45.72,33187000,45.71
911212544,227803136,float,33210000,45.73,33215000,45.72
912261120,228065280,float,33245000,45.73,33243000,45.74
913309696,228327424,float,33282000,45.74,33276000,45.74
914358272,228589568,float,33320000,45.74,33319000,45.74
915406848,228851712,float,33358000,45.74,33363000,45.73
916455424,229113856,float,33399000,45.73,33397000,45.74
917504000,229376000,float,33434000,45.74,33437000,45.73
918552576,229638144,float,33465000,45.75,33465000,45.75
919601152,229900288,float,33503000,45.75,33518000,45.73
920649728,230162432,float,33540000,45.75,33546000,45.74
921698304,230424576,float,33580000,45.75,33590000,45.73
922746880,230686720,float,33624000,45.74,33617000,45.75
923795456,230948864,float,33656000,45.75,33653000,45.75
924844032,231211008,float,33696000,45.75,33699000,45.74
925892608,231473152,float,33732000,45.75,33731000,45.75
926941184,231735296,float,33773000,45.74,33775000,45.74
927989760,231997440,float,33817000,45.74,33802000,45.76
929038336,232259584,float,33851000,45.74,33844000,45.75
930086912,232521728,float,33882000,45.75,33884000,45.75
931135488,232783872,float,33917000,45.76,33920000,45.75
932184064,233046016,float,33960000,45.75,33971000,45.73
933232640,233308160,float,34003000,45.74,34008000,45.74
934281216,233570304,float,34036000,45.75,34048000,45.73
935329792,233832448,float,34076000,45.75,34070000,45.75
936378368,234094592,float,34111000,45.75,34120000,45.74
937426944,234356736,float,34153000,45.75,34153000,45.75
938475520,234618880,float,34197000,45.74,34197000,45.74
939524096,234881024,float,34231000,45.74,34230000,45.75
940572672,235143168,float,34262000,45.75,34269000,45.74
941621248,235405312,float,34309000,45.74,34302000,45.75
942669824,235667456,float,34338000,45.75,34342000,45.75
943718400,235929600,float,34380000,45.75,34380000,45.75
944766976,236191744,float,34421000,45.75,34417000,45.75
945815552,236453888,float,34459000,45.75,34457000,45.75
946864128,236716032,float,34507000,45.73,34491000,45.75
947912704,236978176,float,34541000,45.74,34535000,45.75
948961280,237240320,float,34578000,45.74,34572000,45.75
950009856,237502464,float,34608000,45.75,34616000,45.74
951058432,237764608,float,34649000,45.75,34653000,45.74
952107008,238026752,float,34688000,45.75,34685000,45.75
953155584,238288896,float,34730000,45.74,34730000,45.74
954204160,238551040,float,34767000,45.74,34769000,45.74
955252736,238813184,float,34798000,45.75,34799000,45.75
956301312,239075328,float,34840000,45.75,34837000,45.75
957349888,239337472,float,34919000,45.69,34910000,45.71
958398464,239599616,float,34947000,45.71,34951000,45.70
959447040,239861760,float,34979000,45.72,34971000,45.73
960495616,240123904,float,35005000,45.73,35003000,45.73
961544192,240386048,float,35035000,45.74,35041000,45.73
962592768,240648192,float,35079000,45.73,35071000,45.75
963641344,240910336,float,35105000,45.75,35124000,45.73
964689920,241172480,float,35145000,45.75,35155000,45.74
965738496,241434624,float,35182000,45.75,35191000,45.74
966787072,241696768,float,35234000,45.73,35229000,45.74
967835648,241958912,float,35269000,45.74,35267000,45.74
968884224,242221056,float,35296000,45.75,35294000,45.75
969932800,242483200,float,35336000,45.75,35337000,45.75
970981376,242745344,float,35378000,45.74,35379000,45.74
972029952,243007488,float,35420000,45.74,35409000,45.75
973078528,243269632,float,35447000,45.75,35459000,45.74
974127104,243531776,float,35494000,45.74,35491000,45.74
975175680,243793920,float,35522000,45.75,35533000,45.74
976224256,244056064,float,35570000,45.74,35564000,45.75
977272832,244318208,float,35602000,45.75,35596000,45.76
978321408,244580352,float,35647000,45.74,35639000,45.75
979369984,244842496,float,35679000,45.75,35684000,45.74
980418560,245104640,float,35711000,45.76,35727000,45.74
981467136,245366784,float,35760000,45.74,35760000,45.74
982515712,245628928,float,35799000,45.74,35805000,45.73
983564288,245891072,float,35830000,45.75,35828000,45.75
984612864,246153216,float,35874000,45.74,35872000,45.75
985661440,246415360,float,35913000,45.74,35910000,45.75
986710016,246677504,float,35957000,45.74,35952000,45.74
987758592,246939648,float,35980000,45.75,35981000,45.75
988807168,247201792,float,36024000,45.75,36018000,45.76
989855744,247463936,float,36055000,45.76,36055000,45.76
990904320,247726080,float,36094000,45.76,36098000,45.75
991952896,247988224,float,36134000,45.75,36139000,45.75
993001472,248250368,float,36180000,45.74,36172000,45.75
994050048,248512512,float,36213000,45.75,36218000,45.74
995098624,248774656,float,36260000,45.74,36250000,45.75
996147200,249036800,float,36279000,45.76,36288000,45.75
997195776,249298944,float,36332000,45.75,36326000,45.75
998244352,249561088,float,36371000,45.74,36369000,45.75
999292928,249823232,float,36404000,45.75,36401000,45.75
1000341504,250085376,float,36447000,45.74,36451000,45.74
1001390080,250347520,float,36480000,45.75,36477000,45.75
1002438656,250609664,float,36529000,45.74,36513000,45.76
1003487232,250871808,float,36559000,45.75,36552000,45.76
1004535808,251133952,float,36591000,45.76,36595000,45.75
1005584384,251396096,float,36637000,45.75,36636000,45.75
1006632960,251658240,float,36666000,45.76,36671000,45.75
1007681536,251920384,float,36743000,45.71,36749000,45.70
1008730112,252182528,float,36768000,45.72,36772000,45.72
1009778688,252444672,float,36805000,45.73,36816000,45.71
1010827264,252706816,float,36837000,45.73,36835000,45.74
1011875840,252968960,float,36874000,45.74,36876000,45.73
1012924416,253231104,float,36908000,45.74,36906000,45.74
1013972992,253493248,float,36949000,45.74,36942000,45.75
1015021568,253755392,float,36975000,45.75,36971000,45.76
1016070144,254017536,float,37025000,45.74,37013000,45.75
1017118720,254279680,float,37057000,45.75,37061000,45.74
1018167296,254541824,float,37090000,45.75,37095000,45.75
1019215872,254803968,float,37127000,45.75,37124000,45.76
1020264448,255066112,float,37175000,45.74,37167000,45.75
1021313024,255328256,float,37210000,45.75,37213000,45.74
1022361600,255590400,float,37248000,45.75,37244000,45.75
1023410176,255852544,float,37287000,45.75,37278000,45.76
1024458752,256114688,float,37326000,45.74,37314000,45.76
1025507328,256376832,float,37358000,45.75,37355000,45.75
1026555904,256638976,float,37391000,45.76,37396000,45.75
1027604480,256901120,float,37432000,45.75,37438000,45.75
1028653056,257163264,float,37471000,45.75,37477000,45.75
1029701632,257425408,float,37519000,45.74,37516000,45.74
1030750208,257687552,float,37557000,45.74,37544000,45.76
1031798784,257949696,float,37603000,45.73,37587000,45.75
1032847360,258211840,float,37619000,45.76,37627000,45.75
1033895936,258473984,float,37656000,45.76,37667000,45.75
1034944512,258736128,float,37708000,45.74,37701000,45.75
1035993088,258998272,float,37738000,45.75,37738000,45.75
1037041664,259260416,float,37778000,45.75,37780000,45.75
1038090240,259522560,float,37820000,45.75,37818000,45.75
1039138816,259784704,float,37853000,45.75,37854000,45.75
1040187392,260046848,float,37898000,45.75,37897000,45.75
1041235968,260308992,float,37930000,45.75,37937000,45.74
1042284544,260571136,float,37970000,45.75,37968000,45.75
1043333120,260833280,float,38008000,45.75,38010000,45.75
1044381696,261095424,float,38060000,45.73,38039000,45.76
1045430272,261357568,float,38089000,45.75,38078000,45.76
1046478848,261619712,float,38128000,45.74,38117000,45.76
1047527424,261881856,float,38151000,45.76,38171000,45.74
1048576000,262144000,float,38195000,45.76,38194000,45.76
1049624576,262406144,float,38230000,45.76,38241000,45.75
1050673152,262668288,float,38277000,45.75,38269000,45.76
1051721728,262930432,float,38317000,45.75,38311000,45.75
1052770304,263192576,float,38351000,45.75,38353000,45.75
1053818880,263454720,float,38389000,45.75,38391000,45.75
1054867456,263716864,float,38422000,45.76,38430000,45.75
1055916032,263979008,float,38474000,45.74,38454000,45.77
1056964608,264241152,float,38509000,45.75,38507000,45.75
1058013184,264503296,float,38580000,45.71,38570000,45.72
1059061760,264765440,float,38605000,45.72,38597000,45.73
1060110336,265027584,float,38640000,45.73,38635000,45.73
1061158912,265289728,float,38661000,45.75,38684000,45.72
1062207488,265551872,float,38703000,45.74,38698000,45.75
1063256064,265814016,float,38747000,45.74,38743000,45.74
1064304640,266076160,float,38775000,45.75,38772000,45.75
1065353216,266338304,float,38821000,45.74,38811000,45.75
1066401792,266600448,float,38851000,45.75,38850000,45.75
1067450368,266862592,float,38899000,45.74,38895000,45.74
1068498944,267124736,float,38924000,45.75,38918000,45.76
1069547520,267386880,float,38958000,45.76,38963000,45.75
1070596096,267649024,float,38999000,45.75,38994000,45.76
1071644672,267911168,float,39038000,45.75,39045000,45.74
1072693248,268173312,float,39081000,45.75,39074000,45.75
1073741824,268435456,float,39121000,45.74,39114000,45.75
