size(B),count,type,time(ns),busbw(GB/s),time(ns),busbw(GB/s)
1048576,262144,float,81740,21.99,81190,22.14
2097152,524288,float,110100,32.67,109100,32.95
3145728,786432,float,136600,39.46,137200,39.29
4194304,1048576,float,157800,45.57,158600,45.35
5242880,1310720,float,193600,46.41,193600,46.43
6291456,1572864,float,212400,50.78,213900,50.42
7340032,1835008,float,248100,50.72,250800,50.18
8388608,2097152,float,271000,53.06,272800,52.71
9437184,2359296,float,244800,66.10,244400,66.18
10485760,2621440,float,261000,68.88,258399,69.56
11534336,2883584,float,278400,71.02,281400,70.27
12582912,3145728,float,293700,73.43,293600,73.48
13631488,3407872,float,310100,75.36,310700,75.21
14680064,3670016,float,324300,77.60,323500,77.80
15728640,3932160,float,349500,77.16,348400,77.38
16777216,4194304,float,365700,78.65,366700,78.44
17825792,4456448,float,380500,80.31,381700,80.05
18874368,4718592,float,411300,78.66,410600,78.80
19922944,4980736,float,425200,80.32,425800,80.21
20971520,5242880,float,443200,81.12,444600,80.86
22020096,5505024,float,463100,81.52,462900,81.55
23068672,5767168,float,491700,80.43,491400,80.48
24117248,6029312,float,508300,81.35,509100,81.22
25165824,6291456,float,525800,82.05,526200,81.99
26214400,6553600,float,558100,80.53,557300,80.64
27262976,6815744,float,571800,81.74,572100,81.69
28311552,7077888,float,589600,82.32,590200,82.24
29360128,7340032,float,609000,82.65,608500,82.71
30408704,7602176,float,639200,81.55,637500,81.77
31457280,7864320,float,656300,82.17,655600,82.26
32505856,8126464,float,674500,82.61,810200,68.78
33554432,8388608,float,705200,81.57,703900,81.72
34603008,8650752,float,720400,82.34,721600,82.21
35651584,8912896,float,738100,82.80,738000,82.82
36700160,9175040,float,757600,83.05,757900,83.01
37748736,9437184,float,786400,82.29,786400,82.29
38797312,9699328,float,802300,82.90,804400,82.69
39845888,9961472,float,821200,83.18,822900,83.01
40894464,10223616,float,851500,82.33,852900,82.19
41943040,10485760,float,866700,82.96,867700,82.86
42991616,10747904,float,886400,83.15,884700,83.31
44040192,11010048,float,905000,83.42,903800,83.53
45088768,11272192,float,930700,83.05,933000,82.84
46137344,11534336,float,948200,83.42,947400,83.48
47185920,11796480,float,966500,83.70,965300,83.80
48234496,12058624,float,998000,82.85,997100,82.93
49283072,12320768,float,1013400,83.37,1012300,83.46
50331648,12582912,float,1031400,83.66,1029700,83.80
51380224,12845056,float,1049700,83.91,1047900,84.06
52428800,13107200,float,1074700,83.63,1074500,83.65
53477376,13369344,float,1093100,83.87,1090600,84.06
54525952,13631488,float,1108500,84.33,1111000,84.13
55574528,13893632,float,1139900,83.58,1138800,83.66
56623104,14155776,float,1154600,84.07,1156000,83.97
57671680,14417920,float,1172800,84.30,1171300,84.40
58720256,14680064,float,1188200,84.72,1192000,84.45
59768832,14942208,float,1215600,84.29,1218200,84.11
60817408,15204352,float,1236700,84.31,1236300,84.33
61865984,15466496,float,1252200,84.69,1252200,84.70
62914560,15728640,float,1284000,84.00,1285200,83.92
63963136,15990784,float,1296800,84.55,1298600,84.44
65011712,16252928,float,1316200,84.67,1315200,84.74
66060288,16515072,float,1335800,84.78,1333700,84.91
67108864,16777216,float,1365700,84.24,1360300,84.57
68157440,17039360,float,1380000,84.67,1380600,84.63
69206016,17301504,float,1396000,84.98,1396300,84.97
70254592,17563648,float,1426300,84.44,1424700,84.53
71303168,17825792,float,1443500,84.68,1441900,84.77
72351744,18087936,float,1459700,84.97,1459400,84.99
73400320,18350080,float,1475600,85.27,1475800,85.26
74448896,18612224,float,1506200,84.73,1506300,84.73
75497472,18874368,float,1525900,84.82,1525200,84.86
76546048,19136512,float,1542100,85.09,1540200,85.20
77594624,19398656,float,1571500,84.65,1575500,84.43
78643200,19660800,float,1588700,84.86,1585400,85.03
79691776,19922944,float,1606700,85.03,1602200,85.27
80740352,20185088,float,1621600,85.35,1621500,85.36
81788928,20447232,float,1651300,84.91,1652700,84.84
82837504,20709376,float,1669300,85.07,1670200,85.03
83886080,20971520,float,1684200,85.38,1682100,85.49
84934656,21233664,float,1716200,84.84,1716800,84.81
85983232,21495808,float,1731200,85.14,1731000,85.15
87031808,21757952,float,1747000,85.40,1748600,85.32
88080384,22020096,float,1764100,85.59,1763900,85.60
89128960,22282240,float,1794400,85.15,1796100,85.07
90177536,22544384,float,1812700,85.28,1810000,85.41
91226112,22806528,float,1827400,85.58,1827800,85.56
92274688,23068672,float,1862300,84.94,1858900,85.10
93323264,23330816,float,1873000,85.42,1875600,85.30
94371840,23592960,float,1892900,85.47,1891900,85.51
95420416,23855104,float,1906000,85.82,1907500,85.75
96468992,24117248,float,1937500,85.36,1938500,85.31
97517568,24379392,float,1954500,85.53,1955400,85.49
98566144,24641536,float,1970200,85.76,1969100,85.81
99614720,24903680,float,2003800,85.22,1998800,85.43
100663296,25165824,float,2017800,85.52,2018800,85.48
101711872,25427968,float,2034000,85.72,2034500,85.70
102760448,25690112,float,2052800,85.81,2055199,85.72
103809024,25952256,float,2082500,85.46,2081300,85.50
104857600,26214400,float,2100000,85.60,2097900,85.68
105906176,26476544,float,2113600,85.90,2115000,85.84
106954752,26738688,float,2144900,85.48,2146300,85.43
108003328,27000832,float,2157400,85.82,2159000,85.76
109051904,27262976,float,2176100,85.91,2181700,85.69
110100480,27525120,float,2191600,86.12,2194800,86.00
111149056,27787264,float,2221500,85.77,2223300,85.70
112197632,28049408,float,2241700,85.80,2241900,85.79
113246208,28311552,float,2255000,86.09,2255400,86.08
114294784,28573696,float,2290600,85.54,2290200,85.55
115343360,28835840,float,2304600,85.80,2304200,85.81
116391936,29097984,float,2322200,85.92,2318700,86.05
117440512,29360128,float,2338300,86.10,2336600,86.16
118489088,29622272,float,2395900,84.78,2398500,84.69
119537664,29884416,float,2420700,84.65,2426300,84.46
120586240,30146560,float,2432800,84.97,2433000,84.96
121634816,30408704,float,2453700,84.98,2456700,84.88
122683392,30670848,float,2475300,84.97,2471300,85.10
123731968,30932992,float,2488800,85.23,2488100,85.25
124780544,31195136,float,2508500,85.27,2506300,85.35
125829120,31457280,float,2529700,85.27,2527600,85.34
126877696,31719424,float,2546100,85.43,2545000,85.46
127926272,31981568,float,2560700,85.64,2562200,85.59
128974848,32243712,float,2587800,85.44,2586000,85.50
130023424,32505856,float,2600200,85.72,2602800,85.64
131072000,32768000,float,2615300,85.92,2615200,85.92
132120576,33030144,float,2632600,86.03,2633400,86.01
133169152,33292288,float,2656000,85.95,2659000,85.86
134217728,33554432,float,2674700,86.02,2670700,86.15
135266304,33816576,float,2690200,86.20,2686800,86.31
136314880,34078720,float,2721200,85.88,2719500,85.93
137363456,34340864,float,2730600,86.24,2732100,86.19
138412032,34603008,float,2745200,86.43,2748200,86.34
139460608,34865152,float,2763200,86.52,2767100,86.40
140509184,35127296,float,2798600,86.07,2797800,86.09
141557760,35389440,float,2812600,86.28,2810400,86.35
142606336,35651584,float,2828300,86.44,2828900,86.42
143654912,35913728,float,2862500,86.03,2864100,85.98
144703488,36175872,float,2877400,86.21,2875800,86.26
145752064,36438016,float,2893200,86.36,2890300,86.45
146800640,36700160,float,2909300,86.50,2907600,86.55
147849216,36962304,float,2944200,86.09,2942100,86.15
148897792,37224448,float,2956100,86.35,2955000,86.38
149946368,37486592,float,2974000,86.43,2975200,86.40
150994944,37748736,float,3011200,85.96,3013100,85.91
152043520,38010880,float,3026700,86.11,3027100,86.10
153092096,38273024,float,3039300,86.35,3039200,86.35
154140672,38535168,float,3056000,86.47,3059000,86.38
155189248,38797312,float,3092400,86.03,3093100,86.01
156237824,39059456,float,3105000,86.26,3107700,86.18
157286400,39321600,float,3122100,86.36,3121500,86.38
158334976,39583744,float,3158200,85.94,3161000,85.87
159383552,39845888,float,3168000,86.25,3174500,86.07
160432128,40108032,float,3186100,86.32,3188500,86.26
161480704,40370176,float,3204500,86.39,3203400,86.42
162529280,40632320,float,3239300,86.01,3241200,85.96
163577856,40894464,float,3254000,86.18,3251400,86.24
164626432,41156608,float,3269000,86.33,3267500,86.37
165675008,41418752,float,3304000,85.96,3304800,85.94
166723584,41680896,float,3315600,86.20,3317000,86.17
167772160,41943040,float,3328700,86.40,3333800,86.27
168820736,42205184,float,3346500,86.48,3344400,86.53
169869312,42467328,float,3383000,86.08,3381700,86.11
170917888,42729472,float,3395000,86.30,3396100,86.28
171966464,42991616,float,3408000,86.50,3411200,86.42
173015040,43253760,float,3449400,85.99,3449600,85.98
174063616,43515904,float,3463300,86.16,3459800,86.25
175112192,43778048,float,3470400,86.50,3474400,86.40
176160768,44040192,float,3491200,86.50,3492000,86.48
177209344,44302336,float,3529300,86.08,3530100,86.06
178257920,44564480,float,3538700,86.36,3541200,86.29
179306496,44826624,float,3551900,86.54,3552200,86.53
180355072,45088768,float,3596400,85.97,3594500,86.01
181403648,45350912,float,3604300,86.28,3606900,86.22
182452224,45613056,float,3620400,86.39,3618100,86.45
183500800,45875200,float,3634000,86.56,3634900,86.54
184549376,46137344,float,3670600,86.19,3672600,86.14
185597952,46399488,float,3677500,86.52,3682100,86.41
186646528,46661632,float,3697200,86.54,3696800,86.55
187695104,46923776,float,3734300,86.16,3735700,86.13
188743680,47185920,float,3750300,86.28,3750100,86.28
189792256,47448064,float,3764500,86.43,3762300,86.48
190840832,47710208,float,3779800,86.55,3779900,86.55
191889408,47972352,float,3813000,86.27,3814700,86.23
192937984,48234496,float,3826500,86.44,3826300,86.44
193986560,48496640,float,3841900,86.56,3840700,86.59
195035136,48758784,float,3880000,86.17,3879100,86.19
196083712,49020928,float,3890300,86.40,3889300,86.43
197132288,49283072,float,3907200,86.49,3906200,86.51
198180864,49545216,float,3916900,86.74,3923400,86.59
199229440,49807360,float,3958100,86.29,3958100,86.29
200278016,50069504,float,3970500,86.47,3973300,86.41
201326592,50331648,float,3984600,86.62,3986500,86.58
202375168,50593792,float,4021900,86.26,4024400,86.21
203423744,50855936,float,4036200,86.40,4035300,86.42
204472320,51118080,float,4046500,86.62,4046200,86.63
205520896,51380224,float,4061800,86.74,4063400,86.71
206569472,51642368,float,4098300,86.41,4099100,86.39
207618048,51904512,float,4112500,86.55,4114700,86.50
208666624,52166656,float,4129399,86.63,4126000,86.70
209715200,52428800,float,4165700,86.30,4167500,86.27
210763776,52690944,float,4175100,86.54,4177100,86.50
211812352,52953088,float,4190899,86.64,4193500,86.59
212860928,53215232,float,4202900,86.82,4210000,86.68
213909504,53477376,float,4241200,86.46,4245700,86.37
214958080,53739520,float,4255400,86.60,4257100,86.56
216006656,54001664,float,4269200,86.74,4269100,86.74
217055232,54263808,float,4306900,86.40,4309400,86.34
218103808,54525952,float,4316300,86.62,4321900,86.51
219152384,54788096,float,4334300,86.68,4335000,86.66
220200960,55050240,float,4345600,86.87,4347800,86.82
221249536,55312384,float,4378500,86.62,4384400,86.51
222298112,55574528,float,4394800,86.71,4397300,86.66
223346688,55836672,float,4409800,86.82,4411400,86.79
224395264,56098816,float,4449200,86.46,4446200,86.52
225443840,56360960,float,4457800,86.70,4454000,86.77
226492416,56623104,float,4466800,86.92,4472400,86.82
227540992,56885248,float,4486000,86.95,4489000,86.89
228589568,57147392,float,4524300,86.61,4523900,86.62
229638144,57409536,float,4535400,86.80,4533500,86.84
230686720,57671680,float,4546500,86.98,4553300,86.85
231735296,57933824,float,4588300,86.58,4590400,86.54
232783872,58195968,float,4598700,86.78,4600200,86.75
233832448,58458112,float,4619300,86.78,4613300,86.89
234881024,58720256,float,4630400,86.96,4634300,86.89
235929600,58982400,float,4698400,86.08,4703700,85.99
236978176,59244544,float,4734200,85.81,4735200,85.79
238026752,59506688,float,4748100,85.94,4753300,85.85
239075328,59768832,float,4778800,85.76,4779500,85.75
240123904,60030976,float,4793000,85.88,4793500,85.88
241172480,60293120,float,4818400,85.80,4814500,85.87
242221056,60555264,float,4834900,85.88,4835900,85.87
243269632,60817408,float,4857400,85.86,4854500,85.91
244318208,61079552,float,4870100,86.00,4876900,85.88
245366784,61341696,float,4887000,86.07,4890900,86.00
246415360,61603840,float,4911400,86.01,4913000,85.98
247463936,61865984,float,4928300,86.08,4930900,86.03
248512512,62128128,float,4941900,86.21,4944600,86.16
249561088,62390272,float,4960800,86.24,4961900,86.22
250609664,62652416,float,4985900,86.17,4985600,86.17
251658240,62914560,float,5002500,86.24,5004100,86.21
252706816,63176704,float,5017800,86.34,5019100,86.31
253755392,63438848,float,5048100,86.17,5052200,86.10
254803968,63700992,float,5061900,86.29,5065200,86.24
255852544,63963136,float,5079700,86.34,5082500,86.30
256901120,64225280,float,5097700,86.39,5099300,86.37
257949696,64487424,float,5126000,86.27,5130300,86.19
258998272,64749568,float,5144700,86.30,5143400,86.32
260046848,65011712,float,5160100,86.39,5159400,86.40
261095424,65273856,float,5194900,86.16,5194900,86.16
262144000,65536000,float,5207500,86.30,5204500,86.35
263192576,65798144,float,5223700,86.37,5227900,86.30
264241152,66060288,float,5244100,86.38,5245700,86.35
265289728,66322432,float,5272400,86.26,5278100,86.16
266338304,66584576,float,5289400,86.32,5291900,86.28
267386880,66846720,float,5304700,86.41,5308500,86.35
268435456,67108864,float,5343600,86.12,5342800,86.13
269484032,67371008,float,5357800,86.22,5356700,86.24
270532608,67633152,float,5367400,86.40,5367000,86.41
271581184,67895296,float,5390800,86.36,5396800,86.27
272629760,68157440,float,5421500,86.21,5424100,86.16
273678336,68419584,float,5437200,86.29,5440300,86.24
274726912,68681728,float,5452700,86.37,5451900,86.38
275775488,68943872,float,5487000,86.16,5492500,86.07
276824064,69206016,float,5497400,86.32,5506000,86.19
277872640,69468160,float,5516000,86.36,5518900,86.31
278921216,69730304,float,5532600,86.42,5535500,86.38
279969792,69992448,float,5572400,86.13,5576200,86.07
281018368,70254592,float,5584300,86.27,5587400,86.22
282066944,70516736,float,5601200,86.33,5598500,86.37
283115520,70778880,float,5636300,86.11,5643800,86.00
284164096,71041024,float,5648800,86.24,5657800,86.10
285212672,71303168,float,5661000,86.37,5664800,86.31
286261248,71565312,float,5678200,86.42,5680500,86.39
287309824,71827456,float,5717500,86.14,5715500,86.17
288358400,72089600,float,5726500,86.32,5726100,86.33
289406976,72351744,float,5740800,86.42,5745100,86.36
290455552,72613888,float,5783600,86.09,5785800,86.06
291504128,72876032,float,5796800,86.21,5796000,86.22
292552704,73138176,float,5807600,86.36,5813700,86.26
293601280,73400320,float,5827600,86.37,5826500,86.38
294649856,73662464,float,5860600,86.19,5862400,86.16
295698432,73924608,float,5874900,86.28,5875200,86.28
296747008,74186752,float,5884300,86.45,5892200,86.34
297795584,74448896,float,5923600,86.18,5935700,86.01
298844160,74711040,float,5933900,86.34,5941300,86.23
299892736,74973184,float,5949700,86.41,5960600,86.25
300941312,75235328,float,5974400,86.35,5975500,86.34
301989888,75497472,float,6008900,86.15,6011200,86.12
303038464,75759616,float,6018900,86.31,6022200,86.26
304087040,76021760,float,6035200,86.38,6037300,86.34
305135616,76283904,float,6070900,86.16,6073900,86.12
306184192,76546048,float,6084000,86.27,6085600,86.25
307232768,76808192,float,6093000,86.44,6102500,86.31
308281344,77070336,float,6117100,86.39,6115700,86.41
309329920,77332480,float,6151600,86.20,6157200,86.12
310378496,77594624,float,6159000,86.39,6166000,86.29
311427072,77856768,float,6177600,86.42,6180100,86.39
312475648,78118912,float,6216700,86.17,6219300,86.13
313524224,78381056,float,6229500,86.28,6233200,86.23
314572800,78643200,float,6243800,86.37,6245600,86.34
315621376,78905344,float,6254900,86.50,6260400,86.43
316669952,79167488,float,6296800,86.21,6294800,86.24
317718528,79429632,float,6305300,86.38,6308000,86.34
318767104,79691776,float,6321000,86.45,6325900,86.38
319815680,79953920,float,6363600,86.16,6364000,86.15
320864256,80216064,float,6370600,86.34,6372800,86.31
321912832,80478208,float,6385800,86.42,6393800,86.31
322961408,80740352,float,6400100,86.51,6399400,86.52
324009984,81002496,float,6435900,86.30,6440200,86.25
325058560,81264640,float,6449800,86.40,6455800,86.32
326107136,81526784,float,6466200,86.46,6466600,86.45
327155712,81788928,float,6500900,86.27,6505900,86.20
328204288,82051072,float,6513700,86.38,6515600,86.35
329252864,82313216,float,6529000,86.45,6529100,86.45
330301440,82575360,float,6547300,86.48,6546900,86.49
331350016,82837504,float,6581100,86.31,6586600,86.24
332398592,83099648,float,6596300,86.39,6598100,86.36
333447168,83361792,float,6605200,86.54,6606500,86.52
334495744,83623936,float,6640900,86.35,6640900,86.35
335544320,83886080,float,6648800,86.51,6653900,86.45
336592896,84148224,float,6666800,86.55,6664600,86.58
337641472,84410368,float,6673200,86.74,6676100,86.70
338690048,84672512,float,6706900,86.57,6706700,86.57
339738624,84934656,float,6717600,86.70,6712100,86.77
340787200,85196800,float,6731300,86.79,6730100,86.81
341835776,85458944,float,6768200,86.58,6762000,86.66
342884352,85721088,float,6765900,86.88,6775100,86.76
343932928,85983232,float,6780500,86.95,6783300,86.92
344981504,86245376,float,6797500,87.00,6799600,86.98
346030080,86507520,float,6831200,86.84,6826200,86.90
347078656,86769664,float,6834400,87.06,6838300,87.01
348127232,87031808,float,6856400,87.04,6853200,87.08
349175808,87293952,float,6888700,86.89,6886600,86.92
350224384,87556096,float,6889100,87.15,6897800,87.04
351272960,87818240,float,6910500,87.14,6908400,87.17
352321536,88080384,float,6920400,87.28,6928100,87.18
353370112,88342528,float,6996100,86.59,6995500,86.60
354418688,88604672,float,7027500,86.46,7026700,86.47
355467264,88866816,float,7039500,86.56,7039400,86.57
356515840,89128960,float,7065600,86.50,7064200,86.52
357564416,89391104,float,7084700,86.52,7083800,86.53
358612992,89653248,float,7102400,86.56,7107700,86.49
359661568,89915392,float,7120000,86.60,7116900,86.63
360710144,90177536,float,7143800,86.56,7144000,86.56
361758720,90439680,float,7165000,86.55,7162400,86.58
362807296,90701824,float,7179800,86.63,7182200,86.60
363855872,90963968,float,7209400,86.52,7202100,86.61
364904448,91226112,float,7212300,86.73,7219200,86.65
365953024,91488256,float,7234200,86.72,7239100,86.66
367001600,91750400,float,7254400,86.73,7251700,86.76
368050176,92012544,float,7273200,86.75,7277300,86.70
369098752,92274688,float,7292000,86.77,7291600,86.78
370147328,92536832,float,7306500,86.85,7306500,86.85
371195904,92798976,float,7337500,86.72,7339700,86.70
372244480,93061120,float,7349600,86.83,7354800,86.76
373293056,93323264,float,7368800,86.84,7363400,86.91
374341632,93585408,float,7382100,86.93,7387800,86.86
375390208,93847552,float,7417100,86.76,7419200,86.74
376438784,94109696,float,7428100,86.88,7433600,86.81
377487360,94371840,float,7447700,86.89,7449400,86.87
378535936,94633984,float,7488300,86.66,7489400,86.65
379584512,94896128,float,7492100,86.85,7496400,86.80
380633088,95158272,float,7510000,86.89,7518100,86.79
381681664,95420416,float,7525200,86.95,7525200,86.95
382730240,95682560,float,7567800,86.70,7564200,86.74
383778816,95944704,float,7575600,86.85,7576700,86.83
384827392,96206848,float,7595600,86.85,7593500,86.88
385875968,96468992,float,7630500,86.69,7630200,86.70
386924544,96731136,float,7648500,86.72,7645000,86.76
387973120,96993280,float,7660500,86.82,7661900,86.81
389021696,97255424,float,7678600,86.85,7678700,86.85
390070272,97517568,float,7708000,86.75,7712800,86.70
391118848,97779712,float,7722400,86.82,7724500,86.80
392167424,98041856,float,7740700,86.85,7741200,86.85
393216000,98304000,float,7773100,86.72,7779300,86.65
394264576,98566144,float,7787700,86.79,7789300,86.77
395313152,98828288,float,7798400,86.90,7808200,86.79
396361728,99090432,float,7816600,86.93,7820800,86.88
397410304,99352576,float,7852300,86.76,7856500,86.71
398458880,99614720,float,7869000,86.81,7869000,86.81
399507456,99876864,float,7887600,86.83,7886000,86.85
400556032,100139008,float,7920500,86.69,7927000,86.62
401604608,100401152,float,7931100,86.81,7937500,86.74
402653184,100663296,float,7946100,86.87,7952200,86.80
403701760,100925440,float,7965900,86.88,7967500,86.86
404750336,101187584,float,7998400,86.75,8006100,86.67
405798912,101449728,float,8011300,86.83,8020500,86.73
406847488,101711872,float,8027900,86.88,8034800,86.80
407896064,101974016,float,8065100,86.70,8067800,86.67
408944640,102236160,float,8074100,86.83,8082700,86.73
409993216,102498304,float,8097000,86.80,8097700,86.80
411041792,102760448,float,8107500,86.91,8111700,86.87
412090368,103022592,float,8148900,86.69,8141600,86.77
413138944,103284736,float,8160500,86.79,8163500,86.76
414187520,103546880,float,8170600,86.90,8172000,86.89
415236096,103809024,float,8208600,86.72,8218000,86.62
416284672,104071168,float,8219299,86.82,8226100,86.75
417333248,104333312,float,8238799,86.84,8235700,86.87
418381824,104595456,float,8255000,86.88,8262400,86.81
419430400,104857600,float,8289000,86.74,8294900,86.68
420478976,105119744,float,8303400,86.81,8307799,86.76
421527552,105381888,float,8314900,86.91,8320500,86.85
422576128,105644032,float,8355700,86.70,8356100,86.69
423624704,105906176,float,8366000,86.81,8370700,86.76
424673280,106168320,float,8378400,86.89,8382000,86.85
425721856,106430464,float,8395900,86.92,8397800,86.91
426770432,106692608,float,8434000,86.75,8433200,86.75
427819008,106954752,float,8446500,86.83,8451200,86.78
428867584,107216896,float,8453900,86.97,8460800,86.90
429916160,107479040,float,8501200,86.69,8499900,86.71
430964736,107741184,float,8507000,86.85,8512700,86.79
432013312,108003328,float,8521400,86.91,8521800,86.91
433061888,108265472,float,8535900,86.97,8543100,86.90
434110464,108527616,float,8578100,86.75,8583800,86.70
435159040,108789760,float,8584500,86.90,8595300,86.79
436207616,109051904,float,8598100,86.97,8608100,86.87
437256192,109314048,float,8641300,86.74,8646000,86.70
438304768,109576192,float,8656000,86.80,8658600,86.78
439353344,109838336,float,8670800,86.86,8671400,86.86
440401920,110100480,float,8685000,86.93,8683000,86.95
441450496,110362624,float,8719600,86.79,8720000,86.79
442499072,110624768,float,8727800,86.91,8734100,86.85
443547648,110886912,float,8748700,86.91,8741600,86.98
444596224,111149056,float,8776000,86.85,8780900,86.80
445644800,111411200,float,8792200,86.89,8796100,86.85
446693376,111673344,float,8807500,86.94,8806900,86.95
447741952,111935488,float,8823600,86.99,8830400,86.92
448790528,112197632,float,8858400,86.85,8866400,86.77
449839104,112459776,float,8866500,86.97,8876400,86.88
450887680,112721920,float,8886200,86.98,8887900,86.97
451936256,112984064,float,8929200,86.77,8929200,86.77
452984832,113246208,float,8941000,86.85,8936600,86.90
454033408,113508352,float,8951400,86.95,8953900,86.93
455081984,113770496,float,8968200,86.99,8970600,86.97
456130560,114032640,float,8996500,86.92,8999400,86.89
457179136,114294784,float,9013400,86.95,9020300,86.89
458227712,114556928,float,9026300,87.03,9034300,86.95
459276288,114819072,float,9065300,86.85,9071000,86.80
460324864,115081216,float,9080200,86.91,9082200,86.89
461373440,115343360,float,9092900,86.98,9099400,86.92
462422016,115605504,float,9105500,87.06,9107900,87.04
463470592,115867648,float,9145700,86.87,9150600,86.83
464519168,116129792,float,9156600,86.97,9163500,86.90
465567744,116391936,float,9176400,86.97,9177000,86.97
466616320,116654080,float,9209000,86.86,9218800,86.77
467664896,116916224,float,9218100,86.97,9222200,86.93
468713472,117178368,float,9237400,86.98,9241800,86.94
469762048,117440512,float,9254200,87.02,9256300,87.00
470810624,117702656,float,9319100,86.61,9330600,86.50
471859200,117964800,float,9356600,86.45,9363400,86.39
472907776,118226944,float,9371400,86.51,9374800,86.48
473956352,118489088,float,9403600,86.40,9397700,86.46
475004928,118751232,float,9413800,86.50,9418500,86.46
476053504,119013376,float,9430300,86.54,9440000,86.45
477102080,119275520,float,9455100,86.50,9458000,86.48
478150656,119537664,float,9473700,86.52,9482800,86.44
479199232,119799808,float,9500000,86.47,9498200,86.49
480247808,120061952,float,9510500,86.57,9515300,86.52
481296384,120324096,float,9539000,86.50,9538100,86.50
482344960,120586240,float,9545300,86.63,9552900,86.56
483393536,120848384,float,9562800,86.66,9573600,86.56
484442112,121110528,float,9584400,86.65,9588000,86.62
485490688,121372672,float,9616200,86.55,9616700,86.54
486539264,121634816,float,9628400,86.63,9628900,86.62
487587840,121896960,float,9640100,86.71,9648800,86.63
488636416,122159104,float,9670500,86.62,9679200,86.54
489684992,122421248,float,9687200,86.66,9688900,86.64
490733568,122683392,float,9700500,86.72,9705000,86.68
491782144,122945536,float,9726300,86.68,9720300,86.73
492830720,123207680,float,9753100,86.62,9757800,86.58
493879296,123469824,float,9760400,86.74,9769200,86.67
494927872,123731968,float,9786100,86.70,9788400,86.68
495976448,123994112,float,9814900,86.63,9820900,86.58
497025024,124256256,float,9827200,86.70,9837100,86.62
498073600,124518400,float,9847100,86.71,9852500,86.66
499122176,124780544,float,9862200,86.76,9869300,86.70
500170752,125042688,float,9897500,86.63,9898600,86.62
501219328,125304832,float,9909300,86.71,9919200,86.62
502267904,125566976,float,9929400,86.72,9934800,86.67
503316480,125829120,float,9960100,86.63,9965200,86.58
504365056,126091264,float,9976500,86.67,9983300,86.61
505413632,126353408,float,9994000,86.69,9997800,86.66
506462208,126615552,float,10013000,86.71,10018000,86.67
507510784,126877696,float,10044000,86.62,10048000,86.59
508559360,127139840,float,10059000,86.67,10061000,86.65
509607936,127401984,float,10080000,86.67,10081000,86.66
510656512,127664128,float,10107000,86.61,10113000,86.56
511705088,127926272,float,10129000,86.60,10127000,86.62
512753664,128188416,float,10137000,86.71,10140000,86.69
513802240,128450560,float,10156000,86.73,10160000,86.69
514850816,128712704,float,10192000,86.60,10187000,86.64
515899392,128974848,float,10208000,86.64,10206000,86.65
516947968,129236992,float,10218000,86.73,10226000,86.66
517996544,129499136,float,10252000,86.61,10263000,86.52
519045120,129761280,float,10273000,86.62,10276000,86.59
520093696,130023424,float,10278000,86.74,10289000,86.66
521142272,130285568,float,10300000,86.74,10308000,86.67
522190848,130547712,float,10329000,86.67,10347000,86.51
523239424,130809856,float,10347000,86.69,10354000,86.63
524288000,131072000,float,10365000,86.71,10371000,86.66
525336576,131334144,float,10400000,86.59,10409000,86.52
526385152,131596288,float,10410000,86.68,10421000,86.60
527433728,131858432,float,10431000,86.68,10430000,86.69
528482304,132120576,float,10449000,86.71,10449000,86.70
529530880,132382720,float,10481000,86.61,10479000,86.63
530579456,132644864,float,10495000,86.67,10506000,86.58
531628032,132907008,float,10508000,86.73,10511000,86.70
532676608,133169152,float,10544000,86.60,10551000,86.55
533725184,133431296,float,10564000,86.61,10566000,86.59
534773760,133693440,float,10576000,86.68,10574000,86.70
535822336,133955584,float,10593000,86.72,10595000,86.70
536870912,134217728,float,10623000,86.64,10636000,86.53
537919488,134479872,float,10641000,86.66,10644000,86.63
538968064,134742016,float,10652000,86.74,10657000,86.70
540016640,135004160,float,10686000,86.63,10696000,86.55
541065216,135266304,float,10707000,86.63,10712000,86.59
542113792,135528448,float,10724000,86.66,10727000,86.64
543162368,135790592,float,10736000,86.73,10740000,86.70
544210944,136052736,float,10773000,86.60,10774000,86.59
545259520,136314880,float,10782000,86.69,10786000,86.66
546308096,136577024,float,10798000,86.73,10800000,86.71
547356672,136839168,float,10835000,86.60,10838000,86.58
548405248,137101312,float,10846000,86.68,10849000,86.65
549453824,137363456,float,10859000,86.74,10868000,86.67
550502400,137625600,float,10875000,86.78,10879000,86.74
551550976,137887744,float,10910000,86.67,10919000,86.60
552599552,138149888,float,10927000,86.69,10929000,86.68
553648128,138412032,float,10946000,86.71,10946000,86.71
554696704,138674176,float,10981000,86.60,10981000,86.60
555745280,138936320,float,10988000,86.71,10986000,86.72
556793856,139198464,float,11008000,86.71,11009000,86.70
557842432,139460608,float,11011000,86.85,11015000,86.82
558891008,139722752,float,11049000,86.71,11051000,86.70
559939584,139984896,float,11056000,86.82,11062000,86.77
560988160,140247040,float,11070000,86.87,11074000,86.85
562036736,140509184,float,11103000,86.78,11104000,86.77
563085312,140771328,float,11117000,86.83,11113000,86.86
564133888,141033472,float,11136000,86.85,11131000,86.88
565182464,141295616,float,11147000,86.92,11144000,86.94
566231040,141557760,float,11174000,86.87,11173000,86.88
567279616,141819904,float,11182000,86.97,11180000,86.99
568328192,142082048,float,11193000,87.04,11194000,87.03
569376768,142344192,float,11228000,86.93,11221000,86.99
570425344,142606336,float,11237000,87.02,11242000,86.98
571473920,142868480,float,11254000,87.05,11251000,87.08
572522496,143130624,float,11264000,87.13,11256000,87.19
573571072,143392768,float,11299000,87.02,11292000,87.08
574619648,143654912,float,11309000,87.10,11311000,87.09
575668224,143917056,float,11324000,87.15,11328000,87.12
576716800,144179200,float,11356000,87.06,11364000,87.00
577765376,144441344,float,11368000,87.12,11368000,87.12
578813952,144703488,float,11379000,87.20,11382000,87.17
579862528,144965632,float,11399000,87.21,11397000,87.22
580911104,145227776,float,11437000,87.08,11438000,87.07
581959680,145489920,float,11452000,87.12,11448000,87.14
583008256,145752064,float,11463000,87.19,11464000,87.18
584056832,146014208,float,11503000,87.04,11501000,87.06
585105408,146276352,float,11516000,87.10,11514000,87.12
586153984,146538496,float,11527000,87.17,11530000,87.15
587202560,146800640,float,11540000,87.23,11547000,87.18
588251136,147062784,float,11614000,86.83,11616000,86.82
589299712,147324928,float,11641000,86.78,11649000,86.72
590348288,147587072,float,11664000,86.77,11670000,86.72
591396864,147849216,float,11685000,86.76,11691000,86.72
592445440,148111360,float,11707000,86.76,11703000,86.78
593494016,148373504,float,11726000,86.77,11732000,86.72
594542592,148635648,float,11744000,86.78,11740000,86.81
595591168,148897792,float,11760000,86.82,11761000,86.82
596639744,149159936,float,11790000,86.76,11793000,86.73
597688320,149422080,float,11800000,86.83,11798000,86.85
598736896,149684224,float,11822000,86.82,11830000,86.76
599785472,149946368,float,11841000,86.84,11843000,86.82
600834048,150208512,float,11857000,86.87,11863000,86.82
601882624,150470656,float,11876000,86.88,11878000,86.87
602931200,150732800,float,11897000,86.88,11900000,86.86
603979776,150994944,float,11912000,86.92,11918000,86.88
605028352,151257088,float,11933000,86.92,11932000,86.93
606076928,151519232,float,11950000,86.95,11963000,86.85
607125504,151781376,float,11977000,86.90,11981000,86.87
608174080,152043520,float,11988000,86.97,11994000,86.93
609222656,152305664,float,12017000,86.91,12019000,86.90
610271232,152567808,float,12041000,86.89,12045000,86.86
611319808,152829952,float,12057000,86.92,12059000,86.90
612368384,153092096,float,12064000,87.02,12076000,86.93
613416960,153354240,float,12100000,86.90,12105000,86.87
614465536,153616384,float,12122000,86.89,12119000,86.92
615514112,153878528,float,12134000,86.96,12133000,86.97
616562688,154140672,float,12153000,86.97,12156000,86.95
617611264,154402816,float,12188000,86.87,12193000,86.83
618659840,154664960,float,12202000,86.92,12206000,86.89
619708416,154927104,float,12212000,86.99,12218000,86.95
620756992,155189248,float,12252000,86.86,12257000,86.82
621805568,155451392,float,12264000,86.92,12275000,86.84
622854144,155713536,float,12275000,86.98,12282000,86.94
623902720,155975680,float,12305000,86.92,12300000,86.96
624951296,156237824,float,12330000,86.89,12340000,86.82
625999872,156499968,float,12345000,86.93,12353000,86.87
627048448,156762112,float,12359000,86.98,12367000,86.92
628097024,157024256,float,12391000,86.90,12402000,86.82
629145600,157286400,float,12413000,86.89,12416000,86.87
630194176,157548544,float,12430000,86.91,12430000,86.91
631242752,157810688,float,12446000,86.94,12447000,86.94
632291328,158072832,float,12483000,86.83,12473000,86.90
633339904,158334976,float,12493000,86.91,12496000,86.89
634388480,158597120,float,12504000,86.97,12516000,86.89
635437056,158859264,float,12543000,86.85,12543000,86.85
636485632,159121408,float,12554000,86.92,12560000,86.87
637534208,159383552,float,12564000,86.99,12575000,86.91
638582784,159645696,float,12592000,86.94,12600000,86.88
639631360,159907840,float,12625000,86.85,12625000,86.85
640679936,160169984,float,12634000,86.93,12636000,86.92
641728512,160432128,float,12650000,86.97,12651000,86.96
642777088,160694272,float,12689000,86.84,12687000,86.85
643825664,160956416,float,12702000,86.89,12708000,86.85
644874240,161218560,float,12715000,86.95,12727000,86.86
645922816,161480704,float,12731000,86.98,12736000,86.94
646971392,161742848,float,12765000,86.89,12764000,86.89
648019968,162004992,float,12777000,86.95,12784000,86.90
649068544,162267136,float,12791000,86.99,12797000,86.95
650117120,162529280,float,12832000,86.85,12848000,86.75
651165696,162791424,float,12854000,86.85,12859000,86.81
652214272,163053568,float,12859000,86.95,12873000,86.85
653262848,163315712,float,12877000,86.97,12880000,86.95
654311424,163577856,float,12911000,86.88,12920000,86.82
655360000,163840000,float,12915000,86.99,12929000,86.90
656408576,164102144,float,12937000,86.98,12940000,86.96
657457152,164364288,float,12983000,86.81,12985000,86.80
658505728,164626432,float,12990000,86.90,12995000,86.87
659554304,164888576,float,13002000,86.96,13003000,86.96
660602880,165150720,float,13018000,87.00,13019000,86.98
661651456,165412864,float,13055000,86.88,13058000,86.86
662700032,165675008,float,13064000,86.96,13070000,86.92
663748608,165937152,float,13072000,87.04,13081000,86.98
664797184,166199296,float,13121000,86.85,13118000,86.88
665845760,166461440,float,13127000,86.96,13130000,86.93
666894336,166723584,float,13149000,86.94,13146000,86.97
667942912,166985728,float,13159000,87.01,13163000,86.99
668991488,167247872,float,13194000,86.92,13202000,86.87
670040064,167510016,float,13205000,86.99,13209000,86.96
671088640,167772160,float,13221000,87.02,13232000,86.95
672137216,168034304,float,13267000,86.85,13262000,86.88
673185792,168296448,float,13268000,86.98,13279000,86.90
674234368,168558592,float,13286000,87.00,13286000,87.00
675282944,168820736,float,13303000,87.02,13308000,86.99
676331520,169082880,float,13336000,86.94,13343000,86.89
677380096,169345024,float,13356000,86.95,13353000,86.96
678428672,169607168,float,13374000,86.96,13371000,86.98
679477248,169869312,float,13410000,86.86,13407000,86.88
680525824,170131456,float,13413000,86.97,13409000,87.00
681574400,170393600,float,13431000,86.99,13432000,86.99
682622976,170655744,float,13443000,87.05,13452000,86.99
683671552,170917888,float,13492000,86.87,13485000,86.91
684720128,171180032,float,13498000,86.96,13493000,86.99
685768704,171442176,float,13515000,86.99,13513000,87.00
686817280,171704320,float,13545000,86.92,13559000,86.84
687865856,171966464,float,13558000,86.98,13565000,86.93
688914432,172228608,float,13570000,87.03,13578000,86.98
689963008,172490752,float,13586000,87.06,13592000,87.02
691011584,172752896,float,13624000,86.95,13633000,86.89
692060160,173015040,float,13638000,86.99,13644000,86.95
693108736,173277184,float,13648000,87.06,13653000,87.03
694157312,173539328,float,13692000,86.91,13689000,86.93
695205888,173801472,float,13700000,86.99,13703000,86.97
696254464,174063616,float,13720000,87.00,13725000,86.97
697303040,174325760,float,13740000,87.00,13733000,87.04
698351616,174587904,float,13769000,86.95,13769000,86.95
699400192,174850048,float,13784000,86.98,13788000,86.96
700448768,175112192,float,13792000,87.07,13799000,87.02
701497344,175374336,float,13837000,86.91,13836000,86.91
702545920,175636480,float,13848000,86.97,13855000,86.93
703594496,175898624,float,13861000,87.02,13871000,86.96
704643072,176160768,float,13875000,87.06,13882000,87.02
705691648,176422912,float,13953000,86.70,13957000,86.68
706740224,176685056,float,13985000,86.63,13988000,86.62
707788800,176947200,float,13995000,86.70,13997000,86.69
708837376,177209344,float,14016000,86.70,14024000,86.65
709885952,177471488,float,14043000,86.66,14045000,86.65
710934528,177733632,float,14055000,86.71,14066000,86.65
711983104,177995776,float,14084000,86.66,14087000,86.64
713031680,178257920,float,14101000,86.68,14102000,86.68
714080256,178520064,float,14128000,86.64,14123000,86.68
715128832,178782208,float,14134000,86.73,14138000,86.71
716177408,179044352,float,14174000,86.62,14166000,86.67
717225984,179306496,float,14180000,86.71,14184000,86.69
718274560,179568640,float,14197000,86.73,14193000,86.76
719323136,179830784,float,14211000,86.77,14219000,86.72
720371712,180092928,float,14236000,86.75,14236000,86.74
721420288,180355072,float,14248000,86.80,14250000,86.79
722468864,180617216,float,14260000,86.85,14271000,86.78
723517440,180879360,float,14303000,86.72,14305000,86.70
724566016,181141504,float,14311000,86.79,14323000,86.72
725614592,181403648,float,14332000,86.79,14336000,86.77
726663168,181665792,float,14340000,86.87,14349000,86.81
727711744,181927936,float,14380000,86.75,14381000,86.75
728760320,182190080,float,14392000,86.81,14396000,86.78
729808896,182452224,float,14409000,86.83,14417000,86.78
730857472,182714368,float,14439000,86.77,14441000,86.76
731906048,182976512,float,14455000,86.80,14458000,86.78
732954624,183238656,float,14475000,86.80,14480000,86.77
734003200,183500800,float,14493000,86.82,14494000,86.82
735051776,183762944,float,14527000,86.74,14527000,86.74
736100352,184025088,float,14538000,86.80,14541000,86.78
737148928,184287232,float,14555000,86.82,14551000,86.84
738197504,184549376,float,14587000,86.75,14592000,86.73
739246080,184811520,float,14608000,86.75,14606000,86.77
740294656,185073664,float,14616000,86.83,14616000,86.83
741343232,185335808,float,14635000,86.84,14652000,86.74
742391808,185597952,float,14673000,86.73,14672000,86.74
743440384,185860096,float,14686000,86.78,14688000,86.77
744488960,186122240,float,14701000,86.82,14698000,86.83
745537536,186384384,float,14745000,86.68,14746000,86.67
746586112,186646528,float,14751000,86.76,14756000,86.74
747634688,186908672,float,14767000,86.79,14767000,86.79
748683264,187170816,float,14783000,86.82,14785000,86.81
749731840,187432960,float,14812000,86.77,14817000,86.74
750780416,187695104,float,14832000,86.78,14832000,86.77
751828992,187957248,float,14843000,86.83,14850000,86.79
752877568,188219392,float,14887000,86.70,14882000,86.73
753926144,188481536,float,14891000,86.80,14901000,86.73
754974720,188743680,float,14908000,86.81,14916000,86.77
756023296,189005824,float,14931000,86.80,14927000,86.83
757071872,189267968,float,14962000,86.74,14964000,86.73
758120448,189530112,float,14982000,86.75,14983000,86.74
759169024,189792256,float,14982000,86.86,14988000,86.83
760217600,190054400,float,15027000,86.73,15030000,86.71
761266176,190316544,float,15038000,86.78,15051000,86.70
762314752,190578688,float,15052000,86.82,15068000,86.73
763363328,190840832,float,15072000,86.83,15075000,86.81
764411904,191102976,float,15109000,86.73,15114000,86.70
765460480,191365120,float,15115000,86.81,15119000,86.79
766509056,191627264,float,15138000,86.80,15140000,86.79
767557632,191889408,float,15170000,86.74,15179000,86.68
768606208,192151552,float,15178000,86.81,15186000,86.76
769654784,192413696,float,15199000,86.81,15209000,86.75
770703360,192675840,float,15208000,86.87,15217000,86.83
771751936,192937984,float,15249000,86.76,15251000,86.75
772800512,193200128,float,15268000,86.77,15265000,86.79
773849088,193462272,float,15280000,86.82,15282000,86.81
774897664,193724416,float,15314000,86.74,15313000,86.75
775946240,193986560,float,15319000,86.83,15343000,86.70
776994816,194248704,float,15340000,86.83,15345000,86.80
778043392,194510848,float,15352000,86.88,15360000,86.83
779091968,194772992,float,15386000,86.80,15391000,86.78
780140544,195035136,float,15402000,86.83,15404000,86.82
781189120,195297280,float,15424000,86.83,15414000,86.88
782237696,195559424,float,15447000,86.81,15439000,86.85
783286272,195821568,float,15459000,86.86,15462000,86.85
784334848,196083712,float,15474000,86.89,15469000,86.92
785383424,196345856,float,15484000,86.96,15474000,87.01
786432000,196608000,float,15511000,86.92,15515000,86.90
787480576,196870144,float,15529000,86.93,15518000,86.99
788529152,197132288,float,15542000,86.98,15542000,86.98
789577728,197394432,float,15573000,86.92,15567000,86.95
790626304,197656576,float,15589000,86.95,15575000,87.02
791674880,197918720,float,15596000,87.02,15590000,87.05
792723456,198180864,float,15611000,87.05,15612000,87.05
793772032,198443008,float,15635000,87.03,15645000,86.98
794820608,198705152,float,15651000,87.06,15652000,87.05
795869184,198967296,float,15661000,87.12,15663000,87.11
796917760,199229440,float,15693000,87.06,15700000,87.01
797966336,199491584,float,15710000,87.08,15714000,87.05
799014912,199753728,float,15727000,87.10,15724000,87.11
800063488,200015872,float,15739000,87.14,15743000,87.12
801112064,200278016,float,15765000,87.11,15785000,87.00
802160640,200540160,float,15786000,87.11,15785000,87.12
803209216,200802304,float,15799000,87.15,15806000,87.12
804257792,201064448,float,15839000,87.05,15850000,86.99
805306368,201326592,float,15856000,87.07,15859000,87.05
806354944,201588736,float,15857000,87.17,15873000,87.09
807403520,201850880,float,15876000,87.18,15888000,87.12
808452096,202113024,float,15919000,87.06,15917000,87.07
809500672,202375168,float,15933000,87.10,15931000,87.11
810549248,202637312,float,15953000,87.10,15954000,87.09
811597824,202899456,float,15977000,87.08,15984000,87.04
812646400,203161600,float,15989000,87.13,15998000,87.08
813694976,203423744,float,16003000,87.17,16013000,87.11
814743552,203685888,float,16023000,87.17,16034000,87.11
815792128,203948032,float,16056000,87.10,16064000,87.06
816840704,204210176,float,16064000,87.17,16079000,87.09
817889280,204472320,float,16084000,87.17,16092000,87.13
818937856,204734464,float,16117000,87.10,16130000,87.04
819986432,204996608,float,16136000,87.12,16138000,87.11
821035008,205258752,float,16147000,87.17,16151000,87.15
822083584,205520896,float,16168000,87.17,16170000,87.16
823132160,205783040,float,16232000,86.93,16241000,86.88
824180736,206045184,float,16264000,86.87,16274000,86.82
825229312,206307328,float,16279000,86.90,16282000,86.89
826277888,206569472,float,16319000,86.80,16309000,86.85
827326464,206831616,float,16327000,86.87,16330000,86.85
828375040,207093760,float,16356000,86.82,16351000,86.85
829423616,207355904,float,16364000,86.89,16364000,86.89
830472192,207618048,float,16388000,86.87,16391000,86.86
831520768,207880192,float,16408000,86.87,16418000,86.82
832569344,208142336,float,16421000,86.92,16427000,86.89
833617920,208404480,float,16452000,86.86,16450000,86.87
834666496,208666624,float,16462000,86.92,16467000,86.89
835715072,208928768,float,16476000,86.95,16486000,86.90
836763648,209190912,float,16493000,86.97,16503000,86.92
837812224,209453056,float,16519000,86.94,16532000,86.88
838860800,209715200,float,16532000,86.99,16545000,86.92
839909376,209977344,float,16551000,86.99,16561000,86.94
840957952,210239488,float,16584000,86.93,16587000,86.91
842006528,210501632,float,16596000,86.98,16605000,86.93
843055104,210763776,float,16628000,86.91,16616000,86.98
844103680,211025920,float,16630000,87.01,16635000,86.99
845152256,211288064,float,16665000,86.94,16673000,86.90
846200832,211550208,float,16670000,87.02,16684000,86.95
847249408,211812352,float,16693000,87.01,16701000,86.97
848297984,212074496,float,16727000,86.94,16735000,86.90
849346560,212336640,float,16744000,86.96,16742000,86.97
850395136,212598784,float,16751000,87.03,16760000,86.98
851443712,212860928,float,16781000,86.98,16780000,86.99
852492288,213123072,float,16809000,86.94,16809000,86.94
853540864,213385216,float,16824000,86.97,16824000,86.97
854589440,213647360,float,16840000,87.00,16840000,86.99
855638016,213909504,float,16869000,86.95,16879000,86.90
856686592,214171648,float,16887000,86.96,16886000,86.97
857735168,214433792,float,16901000,87.00,16909000,86.96
858783744,214695936,float,16920000,87.01,16920000,87.01
859832320,214958080,float,16957000,86.93,16956000,86.93
860880896,215220224,float,16964000,86.99,16969000,86.97
861929472,215482368,float,16981000,87.01,16989000,86.97
862978048,215744512,float,17019000,86.92,17019000,86.93
864026624,216006656,float,17033000,86.96,17032000,86.96
865075200,216268800,float,17040000,87.03,17059000,86.93
866123776,216530944,float,17068000,86.99,17073000,86.97
867172352,216793088,float,17098000,86.94,17108000,86.90
868220928,217055232,float,17111000,86.99,17116000,86.96
869269504,217317376,float,17121000,87.04,17136000,86.96
870318080,217579520,float,17162000,86.94,17164000,86.92
871366656,217841664,float,17180000,86.95,17173000,86.99
872415232,218103808,float,17187000,87.02,17195000,86.98
873463808,218365952,float,17210000,87.00,17216000,86.97
874512384,218628096,float,17244000,86.94,17253000,86.89
875560960,218890240,float,17255000,86.99,17263000,86.95
876609536,219152384,float,17271000,87.01,17274000,86.99
877658112,219414528,float,17307000,86.94,17319000,86.87
878706688,219676672,float,17328000,86.93,17318000,86.98
879755264,219938816,float,17325000,87.05,17337000,86.99
880803840,220200960,float,17357000,86.99,17363000,86.96
881852416,220463104,float,17386000,86.95,17389000,86.94
882900992,220725248,float,17402000,86.98,17407000,86.95
883949568,220987392,float,17416000,87.01,17417000,87.00
884998144,221249536,float,17455000,86.92,17464000,86.87
886046720,221511680,float,17463000,86.98,17466000,86.97
887095296,221773824,float,17475000,87.02,17491000,86.94
888143872,222035968,float,17493000,87.04,17502000,86.99
889192448,222298112,float,17539000,86.91,17533000,86.94
890241024,222560256,float,17541000,87.00,17547000,86.97
891289600,222822400,float,17565000,86.99,17567000,86.97
892338176,223084544,float,17592000,86.96,17599000,86.92
893386752,223346688,float,17602000,87.01,17618000,86.93
894435328,223608832,float,17624000,87.00,17630000,86.97
895483904,223870976,float,17631000,87.07,17644000,87.00
896532480,224133120,float,17665000,87.00,17677000,86.95
897581056,224395264,float,17678000,87.04,17691000,86.98
898629632,224657408,float,17703000,87.02,17699000,87.04
899678208,224919552,float,17740000,86.94,17742000,86.93
900726784,225181696,float,17755000,86.97,17761000,86.94
901775360,225443840,float,17765000,87.02,17770000,87.00
902823936,225705984,float,17781000,87.04,17780000,87.05
903872512,225968128,float,17815000,86.98,17816000,86.97
904921088,226230272,float,17824000,87.04,17839000,86.96
905969664,226492416,float,17840000,87.06,17844000,87.04
907018240,226754560,float,17882000,86.95,17884000,86.94
908066816,227016704,float,17893000,87.00,17898000,86.98
909115392,227278848,float,17903000,87.05,17918000,86.98
910163968,227540992,float,17925000,87.05,17927000,87.04
911212544,227803136,float,17959000,86.98,17969000,86.93
912261120,228065280,float,17972000,87.02,17971000,87.02
913309696,228327424,float,17986000,87.05,17990000,87.03
914358272,228589568,float,18036000,86.91,18036000,86.91
915406848,228851712,float,18042000,86.98,18041000,86.99
916455424,229113856,float,18048000,87.05,18060000,86.99
917504000,229376000,float,18068000,87.05,18065000,87.06
918552576,229638144,float,18106000,86.97,18116000,86.92
919601152,229900288,float,18123000,86.99,18114000,87.03
920649728,230162432,float,18129000,87.06,18129000,87.06
921698304,230424576,float,18172000,86.95,18177000,86.92
922746880,230686720,float,18180000,87.01,18191000,86.96
923795456,230948864,float,18195000,87.04,18198000,87.02
924844032,231211008,float,18209000,87.07,18218000,87.03
925892608,231473152,float,18256000,86.94,18248000,86.98
926941184,231735296,float,18258000,87.03,18270000,86.98
927989760,231997440,float,18283000,87.01,18277000,87.04
929038336,232259584,float,18313000,86.97,18313000,86.97
930086912,232521728,float,18331000,86.98,18331000,86.98
931135488,232783872,float,18341000,87.03,18342000,87.03
932184064,233046016,float,18356000,87.06,18365000,87.01
933232640,233308160,float,18387000,87.01,18395000,86.97
934281216,233570304,float,18397000,87.06,18410000,87.00
935329792,233832448,float,18421000,87.05,18434000,86.98
936378368,234094592,float,18450000,87.00,18465000,86.93
937426944,234356736,float,18466000,87.03,18473000,86.99
938475520,234618880,float,18484000,87.04,18483000,87.04
939524096,234881024,float,18498000,87.07,18499000,87.06
940572672,235143168,float,18565000,86.85,18588000,86.75
941621248,235405312,float,18610000,86.74,18611000,86.73
942669824,235667456,float,18614000,86.82,18625000,86.77
943718400,235929600,float,18646000,86.76,18644000,86.77
944766976,236191744,float,18668000,86.76,18668000,86.76
945815552,236453888,float,18677000,86.81,18686000,86.77
946864128,236716032,float,18704000,86.78,18705000,86.78
947912704,236978176,float,18721000,86.80,18736000,86.73
948961280,237240320,float,18745000,86.78,18751000,86.76
950009856,237502464,float,18768000,86.78,18769000,86.77
951058432,237764608,float,18781000,86.81,18790000,86.77
952107008,238026752,float,18802000,86.81,18814000,86.76
953155584,238288896,float,18824000,86.80,18817000,86.84
954204160,238551040,float,18837000,86.84,18851000,86.77
955252736,238813184,float,18861000,86.83,18858000,86.84
956301312,239075328,float,18878000,86.84,18883000,86.82
957349888,239337472,float,18898000,86.84,18895000,86.86
958398464,239599616,float,18920000,86.84,18925000,86.81
959447040,239861760,float,18932000,86.88,18943000,86.83
960495616,240123904,float,18954000,86.87,18942000,86.93
961544192,240386048,float,18964000,86.92,18968000,86.90
962592768,240648192,float,18997000,86.87,19013000,86.79
963641344,240910336,float,19013000,86.88,19022000,86.84
964689920,241172480,float,19040000,86.86,19037000,86.87
965738496,241434624,float,19072000,86.81,19068000,86.82
966787072,241696768,float,19073000,86.90,19085000,86.84
967835648,241958912,float,19104000,86.85,19101000,86.86
968884224,242221056,float,19110000,86.92,19111000,86.91
969932800,242483200,float,19144000,86.85,19153000,86.81
970981376,242745344,float,19153000,86.91,19160000,86.88
972029952,243007488,float,19174000,86.91,19170000,86.92
973078528,243269632,float,19203000,86.87,19218000,86.80
974127104,243531776,float,19222000,86.88,19233000,86.83
975175680,243793920,float,19237000,86.90,19247000,86.86
976224256,244056064,float,19258000,86.90,19271000,86.84
977272832,244318208,float,19290000,86.85,19294000,86.83
978321408,244580352,float,19303000,86.88,19305000,86.87
979369984,244842496,float,19323000,86.89,19332000,86.85
980418560,245104640,float,19357000,86.83,19352000,86.85
981467136,245366784,float,19370000,86.86,19376000,86.84
982515712,245628928,float,19387000,86.88,19396000,86.84
983564288,245891072,float,19406000,86.88,19408000,86.88
984612864,246153216,float,19445000,86.81,19454000,86.77
985661440,246415360,float,19461000,86.82,19456000,86.85
986710016,246677504,float,19469000,86.88,19470000,86.88
987758592,246939648,float,19506000,86.81,19494000,86.86
988807168,247201792,float,19508000,86.89,19525000,86.82
989855744,247463936,float,19532000,86.88,19530000,86.89
990904320,247726080,float,19553000,86.87,19555000,86.87
991952896,247988224,float,19585000,86.83,19586000,86.82
993001472,248250368,float,19592000,86.89,19595000,86.87
994050048,248512512,float,19611000,86.90,19624000,86.84
995098624,248774656,float,19648000,86.82,19661000,86.77
996147200,249036800,float,19673000,86.80,19674000,86.80
997195776,249298944,float,19672000,86.90,19684000,86.85
998244352,249561088,float,19691000,86.91,19698000,86.87
999292928,249823232,float,19735000,86.80,19725000,86.85
1000341504,250085376,float,19741000,86.87,19741000,86.87
1001390080,250347520,float,19758000,86.88,19749000,86.92
1002438656,250609664,float,19795000,86.81,19790000,86.83
1003487232,250871808,float,19808000,86.85,19803000,86.87
1004535808,251133952,float,19804000,86.95,19817000,86.90
1005584384,251396096,float,19835000,86.91,19825000,86.95
1006632960,251658240,float,19868000,86.86,19860000,86.89
1007681536,251920384,float,19874000,86.92,19877000,86.91
1008730112,252182528,float,19892000,86.93,19892000,86.93
1009778688,252444672,float,19930000,86.86,19925000,86.88
1010827264,252706816,float,19925000,86.97,19927000,86.96
1011875840,252968960,float,19938000,87.00,19942000,86.99
1012924416,253231104,float,19967000,86.97,19960000,87.00
1013972992,253493248,float,19989000,86.96,19992000,86.95
1015021568,253755392,float,19996000,87.02,19995000,87.02
1016070144,254017536,float,20000000,87.09,19996000,87.11
1017118720,254279680,float,20037000,87.02,20034000,87.03
1018167296,254541824,float,20055000,87.03,20060000,87.01
1019215872,254803968,float,20071000,87.05,20062000,87.09
1020264448,255066112,float,20080000,87.10,20087000,87.07
1021313024,255328256,float,20102000,87.10,20121000,87.01
1022361600,255590400,float,20130000,87.06,20132000,87.06
1023410176,255852544,float,20130000,87.15,20147000,87.08
1024458752,256114688,float,20176000,87.05,20182000,87.02
1025507328,256376832,float,20182000,87.11,20193000,87.06
1026555904,256638976,float,20199000,87.12,20205000,87.10
1027604480,256901120,float,20219000,87.13,20218000,87.13
1028653056,257163264,float,20255000,87.06,20250000,87.08
1029701632,257425408,float,20264000,87.11,20269000,87.09
1030750208,257687552,float,20287000,87.10,20287000,87.10
1031798784,257949696,float,20318000,87.06,20333000,86.99
1032847360,258211840,float,20322000,87.13,20333000,87.08
1033895936,258473984,float,20342000,87.13,20347000,87.11
1034944512,258736128,float,20357000,87.15,20366000,87.12
1035993088,258998272,float,20394000,87.09,20404000,87.04
1037041664,259260416,float,20410000,87.10,20417000,87.07
1038090240,259522560,float,20421000,87.15,20417000,87.16
1039138816,259784704,float,20459000,87.07,20467000,87.04
1040187392,260046848,float,20468000,87.12,20479000,87.08
1041235968,260308992,float,20488000,87.12,20492000,87.11
1042284544,260571136,float,20500000,87.16,20511000,87.11
1043333120,260833280,float,20529000,87.12,20552000,87.03
1044381696,261095424,float,20549000,87.13,20562000,87.07
1045430272,261357568,float,20572000,87.12,20568000,87.13
1046478848,261619712,float,20593000,87.11,20603000,87.07
1047527424,261881856,float,20619000,87.09,20621000,87.09
1048576000,262144000,float,20631000,87.13,20628000,87.14
1049624576,262406144,float,20634000,87.20,20650000,87.13
1050673152,262668288,float,20678000,87.10,20682000,87.09
1051721728,262930432,float,20695000,87.12,20706000,87.07
1052770304,263192576,float,20705000,87.17,20724000,87.09
1053818880,263454720,float,20745000,87.08,20748000,87.07
1054867456,263716864,float,20756000,87.12,20765000,87.08
1055916032,263979008,float,20781000,87.11,20781000,87.11
1056964608,264241152,float,20797000,87.12,20794000,87.14
1058013184,264503296,float,20860000,86.95,20876000,86.88
1059061760,264765440,float,20897000,86.88,20888000,86.92
1060110336,265027584,float,20907000,86.92,20910000,86.91
1061158912,265289728,float,20938000,86.88,20931000,86.91
1062207488,265551872,float,20947000,86.93,20957000,86.89
1063256064,265814016,float,20970000,86.92,20986000,86.85
1064304640,266076160,float,20993000,86.91,20988000,86.93
1065353216,266338304,float,21020000,86.88,21024000,86.87
1066401792,266600448,float,21037000,86.90,21048000,86.86
1067450368,266862592,float,21054000,86.92,21055000,86.91
1068498944,267124736,float,21074000,86.92,21078000,86.90
1069547520,267386880,float,21084000,86.96,21092000,86.93
1070596096,267649024,float,21100000,86.98,21103000,86.97
1071644672,267911168,float,21124000,86.97,21130000,86.94
1072693248,268173312,float,21154000,86.93,21148000,86.95
1073741824,268435456,float,21156000,87.01,21167000,86.96
