size(B),count,type,time(ns),busbw(GB/s),time(ns),busbw(GB/s)
1048576,262144,float,70140,14.95,69870,15.01
2097152,524288,float,116000,18.08,114500,18.32
3145728,786432,float,162400,19.37,160700,19.57
4194304,1048576,float,208600,20.10,208200,20.14
5242880,1310720,float,254700,20.59,254400,20.61
6291456,1572864,float,300800,20.92,300600,20.93
7340032,1835008,float,369300,19.88,346700,21.17
8388608,2097152,float,392500,21.37,392600,21.37
9437184,2359296,float,444300,21.24,444400,21.24
10485760,2621440,float,489800,21.41,489400,21.42
11534336,2883584,float,535100,21.56,534400,21.58
12582912,3145728,float,581000,21.66,580000,21.70
13631488,3407872,float,625800,21.78,626400,21.76
14680064,3670016,float,672000,21.84,671600,21.86
15728640,3932160,float,718000,21.91,717300,21.93
16777216,4194304,float,764100,21.96,763700,21.97
17825792,4456448,float,816100,21.84,815600,21.86
18874368,4718592,float,861000,21.92,861400,21.91
19922944,4980736,float,908200,21.94,907400,21.96
20971520,5242880,float,952600,22.01,953100,22.00
22020096,5505024,float,998400,22.06,998800,22.05
23068672,5767168,float,1044000,22.10,1044900,22.08
24117248,6029312,float,1090300,22.12,1090100,22.12
25165824,6291456,float,1136500,22.14,1136800,22.14
26214400,6553600,float,1187500,22.07,1188500,22.06
27262976,6815744,float,1233800,22.10,1233500,22.10
28311552,7077888,float,1279600,22.12,1279200,22.13
29360128,7340032,float,1325100,22.16,1325100,22.16
30408704,7602176,float,1371600,22.17,1371000,22.18
31457280,7864320,float,1417200,22.20,1416400,22.21
32505856,8126464,float,1463100,22.22,1463100,22.22
33554432,8388608,float,1508900,22.24,1508000,22.25
34603008,8650752,float,1560100,22.18,1560500,22.17
35651584,8912896,float,1606500,22.19,1606700,22.19
36700160,9175040,float,1652500,22.21,1652900,22.20
37748736,9437184,float,1696700,22.25,1698400,22.23
38797312,9699328,float,1742600,22.26,1743100,22.26
39845888,9961472,float,1789000,22.27,1789600,22.27
40894464,10223616,float,1835000,22.29,1834300,22.29
41943040,10485760,float,1881300,22.29,1882200,22.28
42991616,10747904,float,1933000,22.24,1930700,22.27
44040192,11010048,float,1978100,22.26,1977900,22.27
45088768,11272192,float,2024100,22.28,2023200,22.29
46137344,11534336,float,2069600,22.29,2069600,22.29
47185920,11796480,float,2116200,22.30,2115200,22.31
48234496,12058624,float,2161700,22.31,2160900,22.32
49283072,12320768,float,2209100,22.31,2206500,22.34
50331648,12582912,float,2252900,22.34,2253700,22.33
51380224,12845056,float,2305100,22.29,2304700,22.29
52428800,13107200,float,2352400,22.29,2351600,22.29
53477376,13369344,float,2394900,22.33,2395200,22.33
54525952,13631488,float,2443200,22.32,2441100,22.34
55574528,13893632,float,2487000,22.35,2487800,22.34
56623104,14155776,float,2532200,22.36,2532900,22.36
57671680,14417920,float,2578700,22.36,2581000,22.34
58720256,14680064,float,2628200,22.34,2626000,22.36
59768832,14942208,float,2678100,22.32,2676500,22.33
60817408,15204352,float,2722500,22.34,2723000,22.33
61865984,15466496,float,2768800,22.34,2768200,22.35
62914560,15728640,float,2813600,22.36,2814800,22.35
63963136,15990784,float,2860100,22.36,2861400,22.35
65011712,16252928,float,2906300,22.37,2905300,22.38
66060288,16515072,float,2954200,22.36,2951200,22.38
67108864,16777216,float,2998900,22.38,2998700,22.38
68157440,17039360,float,3047400,22.37,3044600,22.39
69206016,17301504,float,3095800,22.35,3096600,22.35
70254592,17563648,float,3139500,22.38,3139200,22.38
71303168,17825792,float,3187700,22.37,3186700,22.38
72351744,18087936,float,3230800,22.39,3232300,22.38
73400320,18350080,float,3279100,22.38,3278300,22.39
74448896,18612224,float,3322000,22.41,3323200,22.40
75497472,18874368,float,3368300,22.41,3369600,22.41
76546048,19136512,float,3421000,22.38,3420500,22.38
77594624,19398656,float,3465600,22.39,3467300,22.38
78643200,19660800,float,3513900,22.38,3511200,22.40
79691776,19922944,float,3558000,22.40,3558500,22.39
80740352,20185088,float,3605200,22.40,3603600,22.41
81788928,20447232,float,3651700,22.40,3651400,22.40
82837504,20709376,float,3696500,22.41,3696100,22.41
83886080,20971520,float,3743400,22.41,3742200,22.42
84934656,21233664,float,3791200,22.40,3795800,22.38
85983232,21495808,float,3839300,22.40,3836000,22.41
87031808,21757952,float,3885900,22.40,3885700,22.40
88080384,22020096,float,3933400,22.39,3932100,22.40
89128960,22282240,float,3975700,22.42,3975800,22.42
90177536,22544384,float,4020900,22.43,4020100,22.43
91226112,22806528,float,4067700,22.43,4066100,22.44
92274688,23068672,float,4114700,22.43,4114200,22.43
93323264,23330816,float,4167100,22.40,4164600,22.41
94371840,23592960,float,4205500,22.44,4207900,22.43
95420416,23855104,float,4258300,22.41,4257000,22.41
96468992,24117248,float,4300000,22.43,4303200,22.42
97517568,24379392,float,4347100,22.43,4347400,22.43
98566144,24641536,float,4390800,22.45,4394500,22.43
99614720,24903680,float,4437800,22.45,4441000,22.43
100663296,25165824,float,4484700,22.45,4482800,22.46
101711872,25427968,float,4533600,22.43,4537500,22.42
102760448,25690112,float,4583200,22.42,4580400,22.44
103809024,25952256,float,4628000,22.43,4629200,22.43
104857600,26214400,float,4673200,22.44,4673000,22.44
105906176,26476544,float,4716400,22.45,4719600,22.44
106954752,26738688,float,4765000,22.45,4765400,22.44
108003328,27000832,float,4813200,22.44,4810100,22.45
109051904,27262976,float,4858200,22.45,4856300,22.46
110100480,27525120,float,4905700,22.44,4906100,22.44
111149056,27787264,float,4955000,22.43,4953100,22.44
112197632,28049408,float,5002600,22.43,5004600,22.42
113246208,28311552,float,5047300,22.44,5047900,22.43
114294784,28573696,float,5092400,22.44,5089100,22.46
115343360,28835840,float,5135100,22.46,5135700,22.46
116391936,29097984,float,5181600,22.46,5185800,22.44
117440512,29360128,float,5224800,22.48,5224600,22.48
118489088,29622272,float,5281500,22.43,5278900,22.45
119537664,29884416,float,5328700,22.43,5327200,22.44
120586240,30146560,float,5371500,22.45,5372100,22.45
121634816,30408704,float,5415600,22.46,5422500,22.43
122683392,30670848,float,5463900,22.45,5461200,22.46
123731968,30932992,float,5509000,22.46,5508600,22.46
124780544,31195136,float,5555600,22.46,5556900,22.45
125829120,31457280,float,5597800,22.48,5605200,22.45
126877696,31719424,float,5653700,22.44,5654700,22.44
127926272,31981568,float,5698900,22.45,5693700,22.47
128974848,32243712,float,5744900,22.45,5746300,22.44
130023424,32505856,float,5790700,22.45,5788900,22.46
131072000,32768000,float,5837400,22.45,5839000,22.45
132120576,33030144,float,5882600,22.46,5879300,22.47
133169152,33292288,float,5925000,22.48,5930700,22.45
134217728,33554432,float,5968000,22.49,5971600,22.48
135266304,33816576,float,6026000,22.45,6022300,22.46
136314880,34078720,float,6066300,22.47,6066200,22.47
137363456,34340864,float,6116800,22.46,6116400,22.46
138412032,34603008,float,6155500,22.49,6163200,22.46
139460608,34865152,float,6207600,22.47,6207500,22.47
140509184,35127296,float,6251700,22.48,6252900,22.47
141557760,35389440,float,6296100,22.48,6298200,22.48
142606336,35651584,float,6338200,22.50,6343600,22.48
143654912,35913728,float,6397300,22.46,6398400,22.45
144703488,36175872,float,6442000,22.46,6441700,22.46
145752064,36438016,float,6489000,22.46,6482800,22.48
146800640,36700160,float,6531800,22.47,6529700,22.48
147849216,36962304,float,6575200,22.49,6573200,22.49
148897792,37224448,float,6615700,22.51,6628200,22.46
149946368,37486592,float,6667700,22.49,6672400,22.47
150994944,37748736,float,6711000,22.50,6712800,22.49
152043520,38010880,float,6762200,22.48,6766300,22.47
153092096,38273024,float,6809000,22.48,6811300,22.48
154140672,38535168,float,6851000,22.50,6857800,22.48
155189248,38797312,float,6902600,22.48,6909400,22.46
156237824,39059456,float,6948600,22.48,6954200,22.47
157286400,39321600,float,6987700,22.51,6999300,22.47
158334976,39583744,float,7043200,22.48,7041700,22.49
159383552,39845888,float,7087300,22.49,7084300,22.50
160432128,40108032,float,7137000,22.48,7138600,22.47
161480704,40370176,float,7185300,22.47,7177500,22.50
162529280,40632320,float,7226000,22.49,7234700,22.47
163577856,40894464,float,7275600,22.48,7274700,22.49
164626432,41156608,float,7321100,22.49,7322500,22.48
165675008,41418752,float,7367800,22.49,7370800,22.48
166723584,41680896,float,7411700,22.49,7413800,22.49
167772160,41943040,float,7464100,22.48,7453000,22.51
168820736,42205184,float,7511800,22.47,7508500,22.48
169869312,42467328,float,7556900,22.48,7558200,22.47
170917888,42729472,float,7603400,22.48,7601400,22.49
171966464,42991616,float,7648500,22.48,7650800,22.48
173015040,43253760,float,7693800,22.49,7693600,22.49
174063616,43515904,float,7735500,22.50,7738800,22.49
175112192,43778048,float,7782400,22.50,7788300,22.48
176160768,44040192,float,7835200,22.48,7833600,22.49
177209344,44302336,float,7879800,22.49,7885200,22.47
178257920,44564480,float,7926500,22.49,7931700,22.47
179306496,44826624,float,7972400,22.49,7971400,22.49
180355072,45088768,float,8017600,22.50,8016100,22.50
181403648,45350912,float,8066400,22.49,8068500,22.48
182452224,45613056,float,8107300,22.50,8107100,22.51
183500800,45875200,float,8160800,22.49,8156800,22.50
184549376,46137344,float,8203000,22.50,8201100,22.50
185597952,46399488,float,8251299,22.49,8257000,22.48
186646528,46661632,float,8296000,22.50,8292000,22.51
187695104,46923776,float,8339700,22.51,8343799,22.50
188743680,47185920,float,8390200,22.50,8388700,22.50
189792256,47448064,float,8435200,22.50,8442700,22.48
190840832,47710208,float,8478400,22.51,8483300,22.50
191889408,47972352,float,8529100,22.50,8526600,22.50
192937984,48234496,float,8566700,22.52,8572900,22.51
193986560,48496640,float,8626500,22.49,8623100,22.50
195035136,48758784,float,8665000,22.51,8662200,22.52
196083712,49020928,float,8709400,22.51,8711000,22.51
197132288,49283072,float,8760100,22.50,8764600,22.49
198180864,49545216,float,8805900,22.51,8805900,22.51
199229440,49807360,float,8853900,22.50,8849700,22.51
200278016,50069504,float,8900300,22.50,8900000,22.50
201326592,50331648,float,8940100,22.52,8939300,22.52
202375168,50593792,float,8997400,22.49,8996700,22.49
203423744,50855936,float,9039700,22.50,9033100,22.52
204472320,51118080,float,9085000,22.51,9087900,22.50
205520896,51380224,float,9125200,22.52,9126600,22.52
206569472,51642368,float,9180900,22.50,9180800,22.50
207618048,51904512,float,9221100,22.52,9228000,22.50
208666624,52166656,float,9268200,22.51,9265400,22.52
209715200,52428800,float,9316800,22.51,9314500,22.51
210763776,52690944,float,9370200,22.49,9373400,22.49
211812352,52953088,float,9401400,22.53,9411000,22.51
212860928,53215232,float,9459700,22.50,9459800,22.50
213909504,53477376,float,9501800,22.51,9504200,22.51
214958080,53739520,float,9551700,22.50,9546600,22.52
216006656,54001664,float,9596300,22.51,9589600,22.53
217055232,54263808,float,9642900,22.51,9640900,22.51
218103808,54525952,float,9691000,22.51,9688100,22.51
219152384,54788096,float,9735200,22.51,9737400,22.51
220200960,55050240,float,9773500,22.53,9775600,22.53
221249536,55312384,float,9830600,22.51,9825300,22.52
222298112,55574528,float,9876300,22.51,9876600,22.51
223346688,55836672,float,9926700,22.50,9919300,22.52
224395264,56098816,float,9964200,22.52,9960100,22.53
225443840,56360960,float,10014000,22.51,10010000,22.52
226492416,56623104,float,10059000,22.52,10061000,22.51
227540992,56885248,float,10108000,22.51,10105000,22.52
228589568,57147392,float,10141000,22.54,10151000,22.52
229638144,57409536,float,10194000,22.53,10190000,22.54
230686720,57671680,float,10250000,22.51,10247000,22.51
231735296,57933824,float,10285000,22.53,10293000,22.51
232783872,58195968,float,10343000,22.51,10341000,22.51
233832448,58458112,float,10375000,22.54,10388000,22.51
234881024,58720256,float,10428000,22.52,10421000,22.54
235929600,58982400,float,10479000,22.51,10480000,22.51
236978176,59244544,float,10517000,22.53,10528000,22.51
238026752,59506688,float,10570000,22.52,10566000,22.53
239075328,59768832,float,10615000,22.52,10610000,22.53
240123904,60030976,float,10664000,22.52,10668000,22.51
241172480,60293120,float,10712000,22.51,10709000,22.52
242221056,60555264,float,10749000,22.53,10748000,22.54
243269632,60817408,float,10792000,22.54,10797000,22.53
244318208,61079552,float,10858000,22.50,10851000,22.52
245366784,61341696,float,10898000,22.51,10895000,22.52
246415360,61603840,float,10931000,22.54,10949000,22.51
247463936,61865984,float,10992000,22.51,10991000,22.52
248512512,62128128,float,11041000,22.51,11040000,22.51
249561088,62390272,float,11081000,22.52,11081000,22.52
250609664,62652416,float,11119000,22.54,11134000,22.51
251658240,62914560,float,11172000,22.53,11172000,22.53
252706816,63176704,float,11221000,22.52,11226000,22.51
253755392,63438848,float,11277000,22.50,11267000,22.52
254803968,63700992,float,11313000,22.52,11301000,22.55
255852544,63963136,float,11350000,22.54,11358000,22.53
256901120,64225280,float,11408000,22.52,11404000,22.53
257949696,64487424,float,11461000,22.51,11452000,22.52
258998272,64749568,float,11496000,22.53,11500000,22.52
260046848,65011712,float,11552000,22.51,11552000,22.51
261095424,65273856,float,11590000,22.53,11598000,22.51
262144000,65536000,float,11629000,22.54,11637000,22.53
263192576,65798144,float,11678000,22.54,11697000,22.50
264241152,66060288,float,11728000,22.53,11730000,22.53
265289728,66322432,float,11770000,22.54,11786000,22.51
266338304,66584576,float,11813000,22.55,11828000,22.52
267386880,66846720,float,11861000,22.54,11862000,22.54
268435456,67108864,float,11915000,22.53,11909000,22.54
269484032,67371008,float,11966000,22.52,11961000,22.53
270532608,67633152,float,12020000,22.51,12001000,22.54
271581184,67895296,float,12067000,22.51,12058000,22.52
272629760,68157440,float,12106000,22.52,12097000,22.54
273678336,68419584,float,12154000,22.52,12151000,22.52
274726912,68681728,float,12198000,22.52,12189000,22.54
275775488,68943872,float,12238000,22.54,12243000,22.52
276824064,69206016,float,12285000,22.53,12290000,22.52
277872640,69468160,float,12337000,22.52,12333000,22.53
278921216,69730304,float,12368000,22.55,12377000,22.53
279969792,69992448,float,12417000,22.55,12427000,22.53
281018368,70254592,float,12459000,22.56,12463000,22.55
282066944,70516736,float,12523000,22.52,12523000,22.52
283115520,70778880,float,12557000,22.55,12566000,22.53
284164096,71041024,float,12604000,22.55,12620000,22.52
285212672,71303168,float,12661000,22.53,12659000,22.53
286261248,71565312,float,12702000,22.54,12717000,22.51
287309824,71827456,float,12749000,22.53,12756000,22.52
288358400,72089600,float,12789000,22.55,12791000,22.54
289406976,72351744,float,12830000,22.56,12836000,22.55
290455552,72613888,float,12889000,22.54,12893000,22.53
291504128,72876032,float,12929000,22.55,12937000,22.53
292552704,73138176,float,12985000,22.53,12985000,22.53
293601280,73400320,float,13026000,22.54,13023000,22.54
294649856,73662464,float,13078000,22.53,13077000,22.53
295698432,73924608,float,13123000,22.53,13122000,22.54
296747008,74186752,float,13159000,22.55,13163000,22.54
297795584,74448896,float,13216000,22.53,13203000,22.56
298844160,74711040,float,13261000,22.54,13256000,22.54
299892736,74973184,float,13311000,22.53,13303000,22.54
300941312,75235328,float,13358000,22.53,13351000,22.54
301989888,75497472,float,13397000,22.54,13398000,22.54
303038464,75759616,float,13447000,22.54,13459000,22.52
304087040,76021760,float,13492000,22.54,13497000,22.53
305135616,76283904,float,13534000,22.55,13541000,22.53
306184192,76546048,float,13573000,22.56,13597000,22.52
307232768,76808192,float,13640000,22.53,13639000,22.53
308281344,77070336,float,13682000,22.53,13679000,22.54
309329920,77332480,float,13718000,22.55,13732000,22.53
310378496,77594624,float,13764000,22.55,13774000,22.53
311427072,77856768,float,13817000,22.54,13828000,22.52
312475648,78118912,float,13859000,22.55,13862000,22.54
313524224,78381056,float,13896000,22.56,13918000,22.53
314572800,78643200,float,13952000,22.55,13947000,22.55
315621376,78905344,float,14005000,22.54,14006000,22.53
316669952,79167488,float,14049000,22.54,14054000,22.53
317718528,79429632,float,14088000,22.55,14093000,22.54
318767104,79691776,float,14141000,22.54,14134000,22.55
319815680,79953920,float,14204000,22.52,14196000,22.53
320864256,80216064,float,14238000,22.54,14229000,22.55
321912832,80478208,float,14287000,22.53,14290000,22.53
322961408,80740352,float,14317000,22.56,14316000,22.56
324009984,81002496,float,14374000,22.54,14386000,22.52
325058560,81264640,float,14413000,22.55,14427000,22.53
326107136,81526784,float,14463000,22.55,14477000,22.53
327155712,81788928,float,14507000,22.55,14510000,22.55
328204288,82051072,float,14559000,22.54,14563000,22.54
329252864,82313216,float,14604000,22.55,14598000,22.56
330301440,82575360,float,14651000,22.55,14663000,22.53
331350016,82837504,float,14696000,22.55,14691000,22.55
332398592,83099648,float,14751000,22.53,14739000,22.55
333447168,83361792,float,14787000,22.55,14790000,22.55
334495744,83623936,float,14836000,22.55,14846000,22.53
335544320,83886080,float,14890000,22.53,14891000,22.53
336592896,84148224,float,14945000,22.52,14932000,22.54
337641472,84410368,float,14986000,22.53,14989000,22.53
338690048,84672512,float,15008000,22.57,15026000,22.54
339738624,84934656,float,15053000,22.57,15073000,22.54
340787200,85196800,float,15117000,22.54,15122000,22.54
341835776,85458944,float,15163000,22.54,15167000,22.54
342884352,85721088,float,15208000,22.55,15214000,22.54
343932928,85983232,float,15255000,22.55,15263000,22.53
344981504,86245376,float,15303000,22.54,15305000,22.54
346030080,86507520,float,15353000,22.54,15345000,22.55
347078656,86769664,float,15387000,22.56,15390000,22.55
348127232,87031808,float,15441000,22.55,15441000,22.55
349175808,87293952,float,15498000,22.53,15481000,22.55
350224384,87556096,float,15532000,22.55,15530000,22.55
351272960,87818240,float,15579000,22.55,15578000,22.55
352321536,88080384,float,15629000,22.54,15631000,22.54
353370112,88342528,float,15680000,22.54,15676000,22.54
354418688,88604672,float,15725000,22.54,15725000,22.54
355467264,88866816,float,15765000,22.55,15772000,22.54
356515840,89128960,float,15816000,22.54,15814000,22.54
357564416,89391104,float,15871000,22.53,15870000,22.53
358612992,89653248,float,15903000,22.55,15913000,22.54
359661568,89915392,float,15965000,22.53,15959000,22.54
360710144,90177536,float,15997000,22.55,16008000,22.53
361758720,90439680,float,16061000,22.52,16049000,22.54
362807296,90701824,float,16092000,22.55,16093000,22.54
363855872,90963968,float,16135000,22.55,16147000,22.53
364904448,91226112,float,16185000,22.55,16185000,22.55
365953024,91488256,float,16235000,22.54,16235000,22.54
367001600,91750400,float,16280000,22.54,16278000,22.55
368050176,92012544,float,16329000,22.54,16337000,22.53
369098752,92274688,float,16365000,22.55,16370000,22.55
370147328,92536832,float,16431000,22.53,16433000,22.52
371195904,92798976,float,16451000,22.56,16460000,22.55
372244480,93061120,float,16512000,22.54,16502000,22.56
373293056,93323264,float,16549000,22.56,16563000,22.54
374341632,93585408,float,16603000,22.55,16606000,22.54
375390208,93847552,float,16645000,22.55,16645000,22.55
376438784,94109696,float,16691000,22.55,16700000,22.54
377487360,94371840,float,16753000,22.53,16739000,22.55
378535936,94633984,float,16786000,22.55,16802000,22.53
379584512,94896128,float,16839000,22.54,16829000,22.56
380633088,95158272,float,16891000,22.53,16897000,22.53
381681664,95420416,float,16918000,22.56,16933000,22.54
382730240,95682560,float,16970000,22.55,16976000,22.55
383778816,95944704,float,17015000,22.56,17026000,22.54
384827392,96206848,float,17063000,22.55,17087000,22.52
385875968,96468992,float,17108000,22.56,17114000,22.55
386924544,96731136,float,17164000,22.54,17170000,22.54
387973120,96993280,float,17214000,22.54,17215000,22.54
389021696,97255424,float,17251000,22.55,17254000,22.55
390070272,97517568,float,17297000,22.55,17304000,22.54
391118848,97779712,float,17355000,22.54,17362000,22.53
392167424,98041856,float,17391000,22.55,17387000,22.56
393216000,98304000,float,17443000,22.54,17448000,22.54
394264576,98566144,float,17489000,22.54,17482000,22.55
395313152,98828288,float,17531000,22.55,17538000,22.54
396361728,99090432,float,17584000,22.54,17587000,22.54
397410304,99352576,float,17625000,22.55,17620000,22.55
398458880,99614720,float,17668000,22.55,17664000,22.56
399507456,99876864,float,17722000,22.54,17710000,22.56
400556032,100139008,float,17776000,22.53,17764000,22.55
401604608,100401152,float,17808000,22.55,17814000,22.54
402653184,100663296,float,17865000,22.54,17863000,22.54
403701760,100925440,float,17913000,22.54,17905000,22.55
404750336,101187584,float,17966000,22.53,17951000,22.55
405798912,101449728,float,18006000,22.54,17992000,22.55
406847488,101711872,float,18047000,22.54,18038000,22.55
407896064,101974016,float,18091000,22.55,18083000,22.56
408944640,102236160,float,18139000,22.54,18133000,22.55
409993216,102498304,float,18187000,22.54,18178000,22.55
411041792,102760448,float,18234000,22.54,18230000,22.55
412090368,103022592,float,18279000,22.54,18285000,22.54
413138944,103284736,float,18326000,22.54,18335000,22.53
414187520,103546880,float,18384000,22.53,18378000,22.54
415236096,103809024,float,18408000,22.56,18414000,22.55
416284672,104071168,float,18459000,22.55,18455000,22.56
417333248,104333312,float,18510000,22.55,18507000,22.55
418381824,104595456,float,18553000,22.55,18560000,22.54
419430400,104857600,float,18608000,22.54,18599000,22.55
420478976,105119744,float,18656000,22.54,18649000,22.55
421527552,105381888,float,18694000,22.55,18692000,22.55
422576128,105644032,float,18738000,22.55,18742000,22.55
423624704,105906176,float,18789000,22.55,18777000,22.56
424673280,106168320,float,18821000,22.56,18839000,22.54
425721856,106430464,float,18884000,22.54,18878000,22.55
426770432,106692608,float,18922000,22.55,18929000,22.55
427819008,106954752,float,18966000,22.56,18968000,22.56
428867584,107216896,float,19039000,22.53,19033000,22.53
429916160,107479040,float,19076000,22.54,19076000,22.54
430964736,107741184,float,19107000,22.56,19099000,22.56
432013312,108003328,float,19151000,22.56,19154000,22.55
433061888,108265472,float,19210000,22.54,19209000,22.54
434110464,108527616,float,19243000,22.56,19252000,22.55
435159040,108789760,float,19292000,22.56,19301000,22.55
436207616,109051904,float,19338000,22.56,19349000,22.54
437256192,109314048,float,19381000,22.56,19402000,22.54
438304768,109576192,float,19437000,22.55,19435000,22.55
439353344,109838336,float,19481000,22.55,19482000,22.55
440401920,110100480,float,19520000,22.56,19518000,22.56
441450496,110362624,float,19570000,22.56,19575000,22.55
442499072,110624768,float,19620000,22.55,19620000,22.55
443547648,110886912,float,19667000,22.55,19671000,22.55
444596224,111149056,float,19713000,22.55,19714000,22.55
445644800,111411200,float,19762000,22.55,19771000,22.54
446693376,111673344,float,19809000,22.55,19809000,22.55
447741952,111935488,float,19859000,22.55,19861000,22.54
448790528,112197632,float,19892000,22.56,19900000,22.55
449839104,112459776,float,19950000,22.55,19940000,22.56
450887680,112721920,float,20003000,22.54,20002000,22.54
451936256,112984064,float,20040000,22.55,20042000,22.55
452984832,113246208,float,20094000,22.54,20090000,22.55
454033408,113508352,float,20142000,22.54,20144000,22.54
455081984,113770496,float,20172000,22.56,20191000,22.54
456130560,114032640,float,20228000,22.55,20216000,22.56
457179136,114294784,float,20263000,22.56,20255000,22.57
458227712,114556928,float,20314000,22.56,20347000,22.52
459276288,114819072,float,20362000,22.56,20363000,22.55
460324864,115081216,float,20411000,22.55,20413000,22.55
461373440,115343360,float,20456000,22.55,20466000,22.54
462422016,115605504,float,20505000,22.55,20514000,22.54
463470592,115867648,float,20550000,22.55,20552000,22.55
464519168,116129792,float,20592000,22.56,20615000,22.53
465567744,116391936,float,20622000,22.58,20639000,22.56
466616320,116654080,float,20691000,22.55,20696000,22.55
467664896,116916224,float,20729000,22.56,20732000,22.56
468713472,117178368,float,20784000,22.55,20782000,22.55
469762048,117440512,float,20832000,22.55,20823000,22.56
470810624,117702656,float,20886000,22.54,20886000,22.54
471859200,117964800,float,20914000,22.56,20926000,22.55
472907776,118226944,float,20967000,22.55,20962000,22.56
473956352,118489088,float,21022000,22.55,21008000,22.56
475004928,118751232,float,21061000,22.55,21049000,22.57
476053504,119013376,float,21112000,22.55,21115000,22.55
477102080,119275520,float,21154000,22.55,21153000,22.55
478150656,119537664,float,21201000,22.55,21204000,22.55
479199232,119799808,float,21242000,22.56,21262000,22.54
480247808,120061952,float,21298000,22.55,21304000,22.54
481296384,120324096,float,21332000,22.56,21335000,22.56
482344960,120586240,float,21380000,22.56,21384000,22.56
483393536,120848384,float,21440000,22.55,21435000,22.55
484442112,121110528,float,21499000,22.53,21473000,22.56
485490688,121372672,float,21528000,22.55,21534000,22.54
486539264,121634816,float,21587000,22.54,21577000,22.55
487587840,121896960,float,21635000,22.54,21630000,22.54
488636416,122159104,float,21675000,22.54,21672000,22.55
489684992,122421248,float,21724000,22.54,21702000,22.56
490733568,122683392,float,21750000,22.56,21763000,22.55
491782144,122945536,float,21807000,22.55,21811000,22.55
492830720,123207680,float,21850000,22.55,21842000,22.56
493879296,123469824,float,21900000,22.55,21898000,22.55
494927872,123731968,float,21954000,22.54,21947000,22.55
495976448,123994112,float,22002000,22.54,22002000,22.54
497025024,124256256,float,22033000,22.56,22047000,22.54
498073600,124518400,float,22084000,22.55,22080000,22.56
499122176,124780544,float,22115000,22.57,22123000,22.56
500170752,125042688,float,22166000,22.56,22164000,22.57
501219328,125304832,float,22229000,22.55,22219000,22.56
502267904,125566976,float,22277000,22.55,22284000,22.54
503316480,125829120,float,22312000,22.56,22320000,22.55
504365056,126091264,float,22370000,22.55,22380000,22.54
505413632,126353408,float,22413000,22.55,22406000,22.56
506462208,126615552,float,22456000,22.55,22466000,22.54
507510784,126877696,float,22489000,22.57,22490000,22.57
508559360,127139840,float,22556000,22.55,22554000,22.55
509607936,127401984,float,22596000,22.55,22599000,22.55
510656512,127664128,float,22650000,22.55,22651000,22.54
511705088,127926272,float,22694000,22.55,22690000,22.55
512753664,128188416,float,22746000,22.54,22750000,22.54
513802240,128450560,float,22770000,22.57,22777000,22.56
514850816,128712704,float,22819000,22.56,22819000,22.56
515899392,128974848,float,22876000,22.55,22870000,22.56
516947968,129236992,float,22917000,22.56,22907000,22.57
517996544,129499136,float,22964000,22.56,22968000,22.55
519045120,129761280,float,23013000,22.55,23020000,22.55
520093696,130023424,float,23062000,22.55,23068000,22.55
521142272,130285568,float,23102000,22.56,23114000,22.55
522190848,130547712,float,23151000,22.56,23154000,22.55
523239424,130809856,float,23194000,22.56,23194000,22.56
524288000,131072000,float,23243000,22.56,23232000,22.57
525336576,131334144,float,23301000,22.55,23288000,22.56
526385152,131596288,float,23347000,22.55,23335000,22.56
527433728,131858432,float,23381000,22.56,23387000,22.55
528482304,132120576,float,23433000,22.55,23435000,22.55
529530880,132382720,float,23473000,22.56,23493000,22.54
530579456,132644864,float,23523000,22.56,23539000,22.54
531628032,132907008,float,23565000,22.56,23569000,22.56
532676608,133169152,float,23608000,22.56,23606000,22.57
533725184,133431296,float,23666000,22.55,23660000,22.56
534773760,133693440,float,23707000,22.56,23708000,22.56
535822336,133955584,float,23774000,22.54,23752000,22.56
536870912,134217728,float,23807000,22.55,23809000,22.55
537919488,134479872,float,23849000,22.56,23859000,22.55
538968064,134742016,float,23891000,22.56,23910000,22.54
540016640,135004160,float,23954000,22.54,23937000,22.56
541065216,135266304,float,23977000,22.57,23980000,22.56
542113792,135528448,float,24033000,22.56,24034000,22.56
543162368,135790592,float,24079000,22.56,24080000,22.56
544210944,136052736,float,24135000,22.55,24127000,22.56
545259520,136314880,float,24181000,22.55,24184000,22.55
546308096,136577024,float,24236000,22.54,24231000,22.55
547356672,136839168,float,24275000,22.55,24269000,22.55
548405248,137101312,float,24315000,22.55,24296000,22.57
549453824,137363456,float,24366000,22.55,24363000,22.55
550502400,137625600,float,24416000,22.55,24407000,22.55
551550976,137887744,float,24445000,22.56,24455000,22.55
552599552,138149888,float,24498000,22.56,24516000,22.54
553648128,138412032,float,24543000,22.56,24550000,22.55
554696704,138674176,float,24595000,22.55,24597000,22.55
555745280,138936320,float,24635000,22.56,24642000,22.55
556793856,139198464,float,24681000,22.56,24686000,22.55
557842432,139460608,float,24723000,22.56,24725000,22.56
558891008,139722752,float,24776000,22.56,24787000,22.55
559939584,139984896,float,24816000,22.56,24822000,22.56
560988160,140247040,float,24880000,22.55,24868000,22.56
562036736,140509184,float,24924000,22.55,24937000,22.54
563085312,140771328,float,24975000,22.55,24970000,22.55
564133888,141033472,float,25005000,22.56,25003000,22.56
565182464,141295616,float,25054000,22.56,25047000,22.57
566231040,141557760,float,25098000,22.56,25096000,22.56
567279616,141819904,float,25162000,22.54,25149000,22.56
568328192,142082048,float,25197000,22.56,25194000,22.56
569376768,142344192,float,25244000,22.55,25241000,22.56
570425344,142606336,float,25298000,22.55,25296000,22.55
571473920,142868480,float,25341000,22.55,25338000,22.55
572522496,143130624,float,25381000,22.56,25382000,22.56
573571072,143392768,float,25427000,22.56,25426000,22.56
574619648,143654912,float,25475000,22.56,25469000,22.56
575668224,143917056,float,25522000,22.56,25519000,22.56
576716800,144179200,float,25576000,22.55,25578000,22.55
577765376,144441344,float,25624000,22.55,25630000,22.54
578813952,144703488,float,25672000,22.55,25668000,22.55
579862528,144965632,float,25713000,22.55,25712000,22.55
580911104,145227776,float,25756000,22.55,25753000,22.56
581959680,145489920,float,25797000,22.56,25801000,22.56
583008256,145752064,float,25839000,22.56,25846000,22.56
584056832,146014208,float,25890000,22.56,25895000,22.55
585105408,146276352,float,25950000,22.55,25940000,22.56
586153984,146538496,float,25996000,22.55,25994000,22.55
587202560,146800640,float,26035000,22.55,26049000,22.54
588251136,147062784,float,26083000,22.55,26087000,22.55
589299712,147324928,float,26137000,22.55,26131000,22.55
590348288,147587072,float,26175000,22.55,26165000,22.56
591396864,147849216,float,26221000,22.55,26206000,22.57
592445440,148111360,float,26260000,22.56,26273000,22.55
593494016,148373504,float,26310000,22.56,26314000,22.55
594542592,148635648,float,26359000,22.56,26358000,22.56
595591168,148897792,float,26406000,22.56,26405000,22.56
596639744,149159936,float,26457000,22.55,26462000,22.55
597688320,149422080,float,26496000,22.56,26492000,22.56
598736896,149684224,float,26546000,22.55,26547000,22.55
599785472,149946368,float,26588000,22.56,26596000,22.55
600834048,150208512,float,26630000,22.56,26641000,22.55
601882624,150470656,float,26699000,22.54,26684000,22.56
602931200,150732800,float,26733000,22.55,26738000,22.55
603979776,150994944,float,26784000,22.55,26781000,22.55
605028352,151257088,float,26840000,22.54,26829000,22.55
606076928,151519232,float,26872000,22.55,26886000,22.54
607125504,151781376,float,26904000,22.57,26909000,22.56
608174080,152043520,float,26950000,22.57,26965000,22.55
609222656,152305664,float,27002000,22.56,27004000,22.56
610271232,152567808,float,27055000,22.56,27058000,22.55
611319808,152829952,float,27097000,22.56,27104000,22.55
612368384,153092096,float,27150000,22.56,27164000,22.54
613416960,153354240,float,27198000,22.55,27210000,22.54
614465536,153616384,float,27236000,22.56,27236000,22.56
615514112,153878528,float,27286000,22.56,27291000,22.55
616562688,154140672,float,27314000,22.57,27342000,22.55
617611264,154402816,float,27376000,22.56,27381000,22.56
618659840,154664960,float,27422000,22.56,27435000,22.55
619708416,154927104,float,27471000,22.56,27473000,22.56
620756992,155189248,float,27529000,22.55,27538000,22.54
621805568,155451392,float,27566000,22.56,27566000,22.56
622854144,155713536,float,27608000,22.56,27616000,22.55
623902720,155975680,float,27661000,22.55,27655000,22.56
624951296,156237824,float,27694000,22.57,27700000,22.56
625999872,156499968,float,27749000,22.56,27758000,22.55
627048448,156762112,float,27803000,22.55,27810000,22.55
628097024,157024256,float,27855000,22.55,27851000,22.55
629145600,157286400,float,27897000,22.55,27907000,22.54
630194176,157548544,float,27936000,22.56,27939000,22.56
631242752,157810688,float,27986000,22.56,27986000,22.56
632291328,158072832,float,28036000,22.55,28032000,22.56
633339904,158334976,float,28063000,22.57,28077000,22.56
634388480,158597120,float,28113000,22.57,28118000,22.56
635437056,158859264,float,28168000,22.56,28176000,22.55
636485632,159121408,float,28220000,22.55,28224000,22.55
637534208,159383552,float,28273000,22.55,28273000,22.55
638582784,159645696,float,28314000,22.55,28321000,22.55
639631360,159907840,float,28362000,22.55,28353000,22.56
640679936,160169984,float,28397000,22.56,28401000,22.56
641728512,160432128,float,28433000,22.57,28440000,22.56
642777088,160694272,float,28479000,22.57,28488000,22.56
643825664,160956416,float,28546000,22.55,28554000,22.55
644874240,161218560,float,28591000,22.56,28586000,22.56
645922816,161480704,float,28648000,22.55,28648000,22.55
646971392,161742848,float,28693000,22.55,28693000,22.55
648019968,162004992,float,28729000,22.56,28731000,22.55
649068544,162267136,float,28775000,22.56,28774000,22.56
650117120,162529280,float,28815000,22.56,28833000,22.55
651165696,162791424,float,28881000,22.55,28863000,22.56
652214272,163053568,float,28913000,22.56,28919000,22.55
653262848,163315712,float,28969000,22.55,28965000,22.55
654311424,163577856,float,29028000,22.54,29018000,22.55
655360000,163840000,float,29054000,22.56,29063000,22.55
656408576,164102144,float,29095000,22.56,29102000,22.56
657457152,164364288,float,29150000,22.55,29148000,22.56
658505728,164626432,float,29180000,22.57,29186000,22.56
659554304,164888576,float,29234000,22.56,29232000,22.56
660602880,165150720,float,29287000,22.56,29281000,22.56
661651456,165412864,float,29344000,22.55,29335000,22.55
662700032,165675008,float,29388000,22.55,29390000,22.55
663748608,165937152,float,29429000,22.55,29437000,22.55
664797184,166199296,float,29478000,22.55,29475000,22.55
665845760,166461440,float,29523000,22.55,29519000,22.56
666894336,166723584,float,29559000,22.56,29548000,22.57
667942912,166985728,float,29606000,22.56,29617000,22.55
668991488,167247872,float,29664000,22.55,29658000,22.56
670040064,167510016,float,29700000,22.56,29712000,22.55
671088640,167772160,float,29753000,22.56,29759000,22.55
672137216,168034304,float,29807000,22.55,29799000,22.56
673185792,168296448,float,29845000,22.56,29846000,22.56
674234368,168558592,float,29881000,22.56,29878000,22.57
675282944,168820736,float,29923000,22.57,29928000,22.56
676331520,169082880,float,29979000,22.56,29981000,22.56
677380096,169345024,float,30039000,22.55,30028000,22.56
678428672,169607168,float,30069000,22.56,30078000,22.56
679477248,169869312,float,30128000,22.55,30137000,22.55
680525824,170131456,float,30170000,22.56,30178000,22.55
681574400,170393600,float,30215000,22.56,30215000,22.56
682622976,170655744,float,30254000,22.56,30267000,22.55
683671552,170917888,float,30302000,22.56,30299000,22.56
684720128,171180032,float,30351000,22.56,30351000,22.56
685768704,171442176,float,30406000,22.55,30401000,22.56
686817280,171704320,float,30444000,22.56,30448000,22.56
687865856,171966464,float,30502000,22.55,30506000,22.55
688914432,172228608,float,30541000,22.56,30547000,22.55
689963008,172490752,float,30582000,22.56,30588000,22.56
691011584,172752896,float,30630000,22.56,30623000,22.57
692060160,173015040,float,30676000,22.56,30681000,22.56
693108736,173277184,float,30730000,22.55,30724000,22.56
694157312,173539328,float,30771000,22.56,30776000,22.55
695205888,173801472,float,30829000,22.55,30830000,22.55
696254464,174063616,float,30879000,22.55,30886000,22.54
697303040,174325760,float,30925000,22.55,30922000,22.55
698351616,174587904,float,30957000,22.56,30963000,22.55
699400192,174850048,float,31012000,22.55,31000000,22.56
700448768,175112192,float,31045000,22.56,31046000,22.56
701497344,175374336,float,31097000,22.56,31093000,22.56
702545920,175636480,float,31135000,22.56,31150000,22.55
703594496,175898624,float,31190000,22.56,31200000,22.55
704643072,176160768,float,31247000,22.55,31253000,22.55
705691648,176422912,float,31295000,22.55,31296000,22.55
706740224,176685056,float,31321000,22.56,31341000,22.55
707788800,176947200,float,31376000,22.56,31385000,22.55
708837376,177209344,float,31423000,22.56,31414000,22.56
709885952,177471488,float,31458000,22.57,31478000,22.55
710934528,177733632,float,31517000,22.56,31518000,22.56
711983104,177995776,float,31562000,22.56,31570000,22.55
713031680,178257920,float,31617000,22.55,31618000,22.55
714080256,178520064,float,31661000,22.55,31665000,22.55
715128832,178782208,float,31707000,22.55,31709000,22.55
716177408,179044352,float,31753000,22.55,31753000,22.55
717225984,179306496,float,31797000,22.56,31790000,22.56
718274560,179568640,float,31841000,22.56,31843000,22.56
719323136,179830784,float,31889000,22.56,31893000,22.55
720371712,180092928,float,31945000,22.55,31942000,22.55
721420288,180355072,float,31991000,22.55,31999000,22.54
722468864,180617216,float,32044000,22.55,32036000,22.55
723517440,180879360,float,32073000,22.56,32078000,22.55
724566016,181141504,float,32112000,22.56,32130000,22.55
725614592,181403648,float,32152000,22.57,32165000,22.56
726663168,181665792,float,32205000,22.56,32214000,22.56
727711744,181927936,float,32264000,22.55,32267000,22.55
728760320,182190080,float,32313000,22.55,32312000,22.55
729808896,182452224,float,32367000,22.55,32369000,22.55
730857472,182714368,float,32407000,22.55,32407000,22.55
731906048,182976512,float,32454000,22.55,32448000,22.56
732954624,183238656,float,32486000,22.56,32503000,22.55
734003200,183500800,float,32536000,22.56,32531000,22.56
735051776,183762944,float,32597000,22.55,32597000,22.55
736100352,184025088,float,32636000,22.55,32632000,22.56
737148928,184287232,float,32677000,22.56,32692000,22.55
738197504,184549376,float,32725000,22.56,32733000,22.55
739246080,184811520,float,32771000,22.56,32788000,22.55
740294656,185073664,float,32833000,22.55,32822000,22.55
741343232,185335808,float,32860000,22.56,32863000,22.56
742391808,185597952,float,32901000,22.56,32913000,22.56
743440384,185860096,float,32957000,22.56,32954000,22.56
744488960,186122240,float,33011000,22.55,33000000,22.56
745537536,186384384,float,33040000,22.56,33061000,22.55
746586112,186646528,float,33101000,22.55,33111000,22.55
747634688,186908672,float,33154000,22.55,33154000,22.55
748683264,187170816,float,33183000,22.56,33195000,22.55
749731840,187432960,float,33228000,22.56,33229000,22.56
750780416,187695104,float,33286000,22.56,33279000,22.56
751828992,187957248,float,33330000,22.56,33326000,22.56
752877568,188219392,float,33392000,22.55,33381000,22.55
753926144,188481536,float,33425000,22.56,33438000,22.55
754974720,188743680,float,33482000,22.55,33476000,22.55
756023296,189005824,float,33523000,22.55,33520000,22.55
757071872,189267968,float,33568000,22.55,33559000,22.56
758120448,189530112,float,33601000,22.56,33605000,22.56
759169024,189792256,float,33651000,22.56,33648000,22.56
760217600,190054400,float,33696000,22.56,33702000,22.56
761266176,190316544,float,33751000,22.56,33757000,22.55
762314752,190578688,float,33799000,22.55,33802000,22.55
763363328,190840832,float,33842000,22.56,33855000,22.55
764411904,191102976,float,33890000,22.56,33900000,22.55
765460480,191365120,float,33936000,22.56,33934000,22.56
766509056,191627264,float,33981000,22.56,33975000,22.56
767557632,191889408,float,34016000,22.56,34029000,22.56
768606208,192151552,float,34069000,22.56,34067000,22.56
769654784,192413696,float,34123000,22.56,34124000,22.55
770703360,192675840,float,34165000,22.56,34173000,22.55
771751936,192937984,float,34209000,22.56,34222000,22.55
772800512,193200128,float,34275000,22.55,34268000,22.55
773849088,193462272,float,34300000,22.56,34308000,22.56
774897664,193724416,float,34342000,22.56,34350000,22.56
775946240,193986560,float,34394000,22.56,34411000,22.55
776994816,194248704,float,34435000,22.56,34448000,22.56
778043392,194510848,float,34500000,22.55,34498000,22.55
779091968,194772992,float,34534000,22.56,34546000,22.55
780140544,195035136,float,34588000,22.56,34599000,22.55
781189120,195297280,float,34636000,22.55,34638000,22.55
782237696,195559424,float,34674000,22.56,34685000,22.55
783286272,195821568,float,34710000,22.57,34738000,22.55
784334848,196083712,float,34761000,22.56,34767000,22.56
785383424,196345856,float,34828000,22.55,34814000,22.56
786432000,196608000,float,34856000,22.56,34855000,22.56
787480576,196870144,float,34904000,22.56,34921000,22.55
788529152,197132288,float,34965000,22.55,34966000,22.55
789577728,197394432,float,35004000,22.56,35007000,22.55
790626304,197656576,float,35047000,22.56,35048000,22.56
791674880,197918720,float,35083000,22.57,35095000,22.56
792723456,198180864,float,35139000,22.56,35135000,22.56
793772032,198443008,float,35194000,22.55,35193000,22.55
794820608,198705152,float,35238000,22.56,35241000,22.55
795869184,198967296,float,35286000,22.55,35286000,22.55
796917760,199229440,float,35335000,22.55,35341000,22.55
797966336,199491584,float,35386000,22.55,35396000,22.54
799014912,199753728,float,35415000,22.56,35430000,22.55
800063488,200015872,float,35467000,22.56,35466000,22.56
801112064,200278016,float,35507000,22.56,35510000,22.56
802160640,200540160,float,35564000,22.56,35561000,22.56
803209216,200802304,float,35611000,22.55,35613000,22.55
804257792,201064448,float,35657000,22.56,35669000,22.55
805306368,201326592,float,35706000,22.55,35706000,22.55
806354944,201588736,float,35754000,22.55,35755000,22.55
807403520,201850880,float,35789000,22.56,35794000,22.56
808452096,202113024,float,35826000,22.57,35838000,22.56
809500672,202375168,float,35876000,22.56,35880000,22.56
810549248,202637312,float,35920000,22.57,35942000,22.55
811597824,202899456,float,35971000,22.56,35983000,22.56
812646400,203161600,float,36027000,22.56,36039000,22.55
813694976,203423744,float,36082000,22.55,36080000,22.55
814743552,203685888,float,36129000,22.55,36125000,22.55
815792128,203948032,float,36164000,22.56,36165000,22.56
816840704,204210176,float,36203000,22.56,36204000,22.56
817889280,204472320,float,36256000,22.56,36254000,22.56
818937856,204734464,float,36304000,22.56,36305000,22.56
819986432,204996608,float,36352000,22.56,36352000,22.56
821035008,205258752,float,36400000,22.56,36400000,22.56
822083584,205520896,float,36453000,22.55,36455000,22.55
823132160,205783040,float,36500000,22.55,36512000,22.54
824180736,206045184,float,36536000,22.56,36541000,22.56
825229312,206307328,float,36578000,22.56,36576000,22.56
826277888,206569472,float,36633000,22.56,36627000,22.56
827326464,206831616,float,36674000,22.56,36681000,22.55
828375040,207093760,float,36726000,22.56,36720000,22.56
829423616,207355904,float,36768000,22.56,36787000,22.55
830472192,207618048,float,36819000,22.56,36821000,22.55
831520768,207880192,float,36870000,22.55,36878000,22.55
832569344,208142336,float,36908000,22.56,36909000,22.56
833617920,208404480,float,36954000,22.56,36953000,22.56
834666496,208666624,float,36991000,22.56,36996000,22.56
835715072,208928768,float,37045000,22.56,37045000,22.56
836763648,209190912,float,37096000,22.56,37099000,22.55
837812224,209453056,float,37146000,22.55,37148000,22.55
838860800,209715200,float,37201000,22.55,37200000,22.55
839909376,209977344,float,37239000,22.55,37249000,22.55
840957952,210239488,float,37285000,22.55,37287000,22.55
842006528,210501632,float,37325000,22.56,37332000,22.55
843055104,210763776,float,37378000,22.55,37365000,22.56
844103680,211025920,float,37416000,22.56,37423000,22.56
845152256,211288064,float,37473000,22.55,37472000,22.55
846200832,211550208,float,37508000,22.56,37518000,22.55
847249408,211812352,float,37567000,22.55,37571000,22.55
848297984,212074496,float,37608000,22.56,37622000,22.55
849346560,212336640,float,37661000,22.55,37658000,22.55
850395136,212598784,float,37704000,22.55,37693000,22.56
851443712,212860928,float,37738000,22.56,37750000,22.55
852492288,213123072,float,37789000,22.56,37789000,22.56
853540864,213385216,float,37845000,22.55,37842000,22.56
854589440,213647360,float,37882000,22.56,37887000,22.56
855638016,213909504,float,37934000,22.56,37943000,22.55
856686592,214171648,float,37982000,22.55,37997000,22.55
857735168,214433792,float,38024000,22.56,38032000,22.55
858783744,214695936,float,38065000,22.56,38068000,22.56
859832320,214958080,float,38107000,22.56,38106000,22.56
860880896,215220224,float,38159000,22.56,38164000,22.56
861929472,215482368,float,38220000,22.55,38212000,22.56
862978048,215744512,float,38254000,22.56,38256000,22.56
864026624,216006656,float,38311000,22.55,38320000,22.55
865075200,216268800,float,38361000,22.55,38360000,22.55
866123776,216530944,float,38398000,22.56,38403000,22.55
867172352,216793088,float,38440000,22.56,38448000,22.55
868220928,217055232,float,38479000,22.56,38490000,22.56
869269504,217317376,float,38527000,22.56,38531000,22.56
870318080,217579520,float,38587000,22.55,38587000,22.55
871366656,217841664,float,38625000,22.56,38651000,22.54
872415232,218103808,float,38689000,22.55,38686000,22.55
873463808,218365952,float,38725000,22.56,38741000,22.55
874512384,218628096,float,38760000,22.56,38780000,22.55
875560960,218890240,float,38813000,22.56,38818000,22.56
876609536,219152384,float,38854000,22.56,38863000,22.56
877658112,219414528,float,38903000,22.56,38911000,22.56
878706688,219676672,float,38958000,22.56,38960000,22.55
879755264,219938816,float,39001000,22.56,39007000,22.55
880803840,220200960,float,39066000,22.55,39066000,22.55
881852416,220463104,float,39096000,22.56,39105000,22.55
882900992,220725248,float,39138000,22.56,39149000,22.55
883949568,220987392,float,39185000,22.56,39175000,22.56
884998144,221249536,float,39227000,22.56,39230000,22.56
886046720,221511680,float,39276000,22.56,39285000,22.55
887095296,221773824,float,39334000,22.55,39328000,22.56
888143872,222035968,float,39373000,22.56,39389000,22.55
889192448,222298112,float,39430000,22.55,39431000,22.55
890241024,222560256,float,39476000,22.55,39484000,22.55
891289600,222822400,float,39520000,22.55,39511000,22.56
892338176,223084544,float,39554000,22.56,39562000,22.56
893386752,223346688,float,39600000,22.56,39605000,22.56
894435328,223608832,float,39646000,22.56,39647000,22.56
895483904,223870976,float,39695000,22.56,39709000,22.55
896532480,224133120,float,39746000,22.56,39759000,22.55
897581056,224395264,float,39790000,22.56,39811000,22.55
898629632,224657408,float,39843000,22.55,39856000,22.55
899678208,224919552,float,39883000,22.56,39882000,22.56
900726784,225181696,float,39924000,22.56,39923000,22.56
901775360,225443840,float,39967000,22.56,39974000,22.56
902823936,225705984,float,40023000,22.56,40022000,22.56
903872512,225968128,float,40067000,22.56,40080000,22.55
904921088,226230272,float,40126000,22.55,40117000,22.56
905969664,226492416,float,40161000,22.56,40175000,22.55
907018240,226754560,float,40224000,22.55,40224000,22.55
908066816,227016704,float,40257000,22.56,40268000,22.55
909115392,227278848,float,40290000,22.56,40298000,22.56
910163968,227540992,float,40338000,22.56,40344000,22.56
911212544,227803136,float,40390000,22.56,40391000,22.56
912261120,228065280,float,40448000,22.55,40448000,22.55
913309696,228327424,float,40494000,22.55,40491000,22.56
914358272,228589568,float,40535000,22.56,40549000,22.55
915406848,228851712,float,40595000,22.55,40595000,22.55
916455424,229113856,float,40628000,22.56,40633000,22.55
917504000,229376000,float,40675000,22.56,40676000,22.56
918552576,229638144,float,40712000,22.56,40723000,22.56
919601152,229900288,float,40760000,22.56,40766000,22.56
920649728,230162432,float,40819000,22.55,40830000,22.55
921698304,230424576,float,40863000,22.56,40869000,22.55
922746880,230686720,float,40916000,22.55,40912000,22.55
923795456,230948864,float,40963000,22.55,40968000,22.55
924844032,231211008,float,41001000,22.56,40998000,22.56
925892608,231473152,float,41044000,22.56,41043000,22.56
926941184,231735296,float,41090000,22.56,41084000,22.56
927989760,231997440,float,41137000,22.56,41151000,22.55
929038336,232259584,float,41188000,22.56,41191000,22.55
930086912,232521728,float,41244000,22.55,41237000,22.55
931135488,232783872,float,41286000,22.55,41299000,22.55
932184064,233046016,float,41330000,22.55,41335000,22.55
933232640,233308160,float,41378000,22.55,41380000,22.55
934281216,233570304,float,41416000,22.56,41422000,22.56
935329792,233832448,float,41461000,22.56,41468000,22.56
936378368,234094592,float,41500000,22.56,41510000,22.56
937426944,234356736,float,41563000,22.55,41563000,22.55
938475520,234618880,float,41599000,22.56,41611000,22.55
939524096,234881024,float,41649000,22.56,41656000,22.55
940572672,235143168,float,41709000,22.55,41714000,22.55
941621248,235405312,float,41752000,22.55,41755000,22.55
942669824,235667456,float,41788000,22.56,41797000,22.55
943718400,235929600,float,41854000,22.55,41829000,22.56
944766976,236191744,float,41877000,22.56,41881000,22.56
945815552,236453888,float,41935000,22.55,41930000,22.56
946864128,236716032,float,41969000,22.56,41993000,22.55
947912704,236978176,float,42039000,22.55,42038000,22.55
948961280,237240320,float,42083000,22.55,42086000,22.55
950009856,237502464,float,42108000,22.56,42115000,22.56
951058432,237764608,float,42153000,22.56,42161000,22.56
952107008,238026752,float,42196000,22.56,42199000,22.56
953155584,238288896,float,42259000,22.56,42258000,22.56
954204160,238551040,float,42296000,22.56,42307000,22.55
955252736,238813184,float,42350000,22.56,42358000,22.55
956301312,239075328,float,42401000,22.55,42412000,22.55
957349888,239337472,float,42452000,22.55,42451000,22.55
958398464,239599616,float,42494000,22.55,42491000,22.56
959447040,239861760,float,42524000,22.56,42526000,22.56
960495616,240123904,float,42571000,22.56,42578000,22.56
961544192,240386048,float,42629000,22.56,42633000,22.55
962592768,240648192,float,42673000,22.56,42678000,22.55
963641344,240910336,float,42730000,22.55,42728000,22.55
964689920,241172480,float,42774000,22.55,42781000,22.55
965738496,241434624,float,42821000,22.55,42820000,22.55
966787072,241696768,float,42863000,22.56,42869000,22.55
967835648,241958912,float,42900000,22.56,42903000,22.56
968884224,242221056,float,42950000,22.56,42952000,22.56
969932800,242483200,float,42995000,22.56,43000000,22.56
970981376,242745344,float,43040000,22.56,43052000,22.55
972029952,243007488,float,43094000,22.56,43108000,22.55
973078528,243269632,float,43145000,22.55,43152000,22.55
974127104,243531776,float,43185000,22.56,43186000,22.56
975175680,243793920,float,43231000,22.56,43237000,22.55
976224256,244056064,float,43274000,22.56,43273000,22.56
977272832,244318208,float,43321000,22.56,43322000,22.56
978321408,244580352,float,43363000,22.56,43366000,22.56
979369984,244842496,float,43418000,22.56,43433000,22.55
980418560,245104640,float,43473000,22.55,43472000,22.55
981467136,245366784,float,43524000,22.55,43527000,22.55
982515712,245628928,float,43566000,22.55,43571000,22.55
983564288,245891072,float,43605000,22.56,43617000,22.55
984612864,246153216,float,43643000,22.56,43653000,22.56
985661440,246415360,float,43697000,22.56,43697000,22.56
986710016,246677504,float,43743000,22.56,43736000,22.56
987758592,246939648,float,43787000,22.56,43796000,22.55
988807168,247201792,float,43841000,22.55,43845000,22.55
989855744,247463936,float,43900000,22.55,43898000,22.55
990904320,247726080,float,43939000,22.55,43942000,22.55
991952896,247988224,float,43976000,22.56,43985000,22.55
993001472,248250368,float,44028000,22.55,44039000,22.55
994050048,248512512,float,44054000,22.56,44059000,22.56
995098624,248774656,float,44106000,22.56,44117000,22.56
996147200,249036800,float,44158000,22.56,44168000,22.55
997195776,249298944,float,44211000,22.56,44214000,22.55
998244352,249561088,float,44262000,22.55,44263000,22.55
999292928,249823232,float,44299000,22.56,44316000,22.55
1000341504,250085376,float,44344000,22.56,44358000,22.55
1001390080,250347520,float,44390000,22.56,44389000,22.56
1002438656,250609664,float,44428000,22.56,44428000,22.56
1003487232,250871808,float,44478000,22.56,44481000,22.56
1004535808,251133952,float,44527000,22.56,44534000,22.56
1005584384,251396096,float,44576000,22.56,44592000,22.55
1006632960,251658240,float,44635000,22.55,44643000,22.55
1007681536,251920384,float,44676000,22.56,44688000,22.55
1008730112,252182528,float,44730000,22.55,44726000,22.55
1009778688,252444672,float,44768000,22.56,44768000,22.56
1010827264,252706816,float,44798000,22.56,44803000,22.56
1011875840,252968960,float,44854000,22.56,44856000,22.56
1012924416,253231104,float,44900000,22.56,44905000,22.56
1013972992,253493248,float,44952000,22.56,44961000,22.55
1015021568,253755392,float,45007000,22.55,45013000,22.55
1016070144,254017536,float,45048000,22.56,45060000,22.55
1017118720,254279680,float,45095000,22.55,45088000,22.56
1018167296,254541824,float,45139000,22.56,45139000,22.56
1019215872,254803968,float,45175000,22.56,45193000,22.55
1020264448,255066112,float,45235000,22.55,45235000,22.55
1021313024,255328256,float,45277000,22.56,45286000,22.55
1022361600,255590400,float,45336000,22.55,45337000,22.55
1023410176,255852544,float,45388000,22.55,45386000,22.55
1024458752,256114688,float,45420000,22.56,45429000,22.55
1025507328,256376832,float,45467000,22.55,45466000,22.56
1026555904,256638976,float,45517000,22.55,45515000,22.55
1027604480,256901120,float,45551000,22.56,45548000,22.56
1028653056,257163264,float,45613000,22.55,45609000,22.55
1029701632,257425408,float,45652000,22.56,45655000,22.55
1030750208,257687552,float,45689000,22.56,45702000,22.55
1031798784,257949696,float,45746000,22.55,45754000,22.55
1032847360,258211840,float,45791000,22.56,45801000,22.55
1033895936,258473984,float,45842000,22.55,45838000,22.56
1034944512,258736128,float,45877000,22.56,45882000,22.56
1035993088,258998272,float,45914000,22.56,45929000,22.56
1037041664,259260416,float,45976000,22.56,45983000,22.55
1038090240,259522560,float,46027000,22.55,46024000,22.56
1039138816,259784704,float,46078000,22.55,46070000,22.56
1040187392,260046848,float,46133000,22.55,46118000,22.55
1041235968,260308992,float,46167000,22.55,46175000,22.55
1042284544,260571136,float,46211000,22.55,46216000,22.55
1043333120,260833280,float,46245000,22.56,46258000,22.55
1044381696,261095424,float,46294000,22.56,46298000,22.56
1045430272,261357568,float,46338000,22.56,46344000,22.56
1046478848,261619712,float,46397000,22.56,46398000,22.55
1047527424,261881856,float,46448000,22.55,46448000,22.55
1048576000,262144000,float,46489000,22.56,46502000,22.55
1049624576,262406144,float,46547000,22.55,46547000,22.55
1050673152,262668288,float,46580000,22.56,46578000,22.56
1051721728,262930432,float,46615000,22.56,46633000,22.55
1052770304,263192576,float,46657000,22.56,46668000,22.56
1053818880,263454720,float,46726000,22.55,46720000,22.56
1054867456,263716864,float,46765000,22.56,46762000,22.56
1055916032,263979008,float,46818000,22.55,46820000,22.55
1056964608,264241152,float,46863000,22.55,46873000,22.55
1058013184,264503296,float,46911000,22.55,46918000,22.55
1059061760,264765440,float,46953000,22.56,46952000,22.56
1060110336,265027584,float,46995000,22.56,46995000,22.56
1061158912,265289728,float,47043000,22.56,47039000,22.56
1062207488,265551872,float,47093000,22.56,47104000,22.55
1063256064,265814016,float,47138000,22.56,47141000,22.55
1064304640,266076160,float,47184000,22.56,47185000,22.56
1065353216,266338304,float,47244000,22.55,47246000,22.55
1066401792,266600448,float,47278000,22.56,47292000,22.55
1067450368,266862592,float,47321000,22.56,47324000,22.56
1068498944,267124736,float,47372000,22.56,47367000,22.56
1069547520,267386880,float,47412000,22.56,47412000,22.56
1070596096,267649024,float,47457000,22.56,47466000,22.55
1071644672,267911168,float,47520000,22.55,47511000,22.56
1072693248,268173312,float,47568000,22.55,47552000,22.56
1073741824,268435456,float,47610000,22.55,47617000,22.55
