size(B),count,type,time(ns),busbw(GB/s),time(ns),busbw(GB/s)
1048576,262144,float,79930,22.96,78610,23.34
2097152,524288,float,101300,36.22,101000,36.33
3145728,786432,float,123800,44.47,123300,44.64
4194304,1048576,float,150900,48.64,151200,48.55
5242880,1310720,float,170200,53.91,174100,52.69
6291456,1572864,float,188000,58.57,187900,58.58
7340032,1835008,float,201300,63.80,200600,64.02
8388608,2097152,float,237900,61.69,237300,61.86
9437184,2359296,float,240100,68.79,238500,69.25
10485760,2621440,float,266000,68.99,265500,69.12
11534336,2883584,float,301400,66.98,291900,69.14
12582912,3145728,float,300500,73.28,301100,73.12
13631488,3407872,float,313200,76.16,314000,75.96
14680064,3670016,float,255900,100.39,255300,100.63
15728640,3932160,float,261300,105.32,259700,106.00
16777216,4194304,float,273800,107.23,273700,107.26
17825792,4456448,float,284700,109.58,286200,109.01
18874368,4718592,float,291400,113.34,289600,114.05
19922944,4980736,float,314500,110.88,313500,111.23
20971520,5242880,float,322900,113.66,322600,113.75
22020096,5505024,float,329500,116.95,328700,117.23
23068672,5767168,float,344500,117.18,344200,117.27
24117248,6029312,float,356500,118.39,356000,118.56
25165824,6291456,float,365600,120.46,365300,120.56
26214400,6553600,float,389700,117.73,389500,117.77
27262976,6815744,float,399000,119.57,398500,119.71
28311552,7077888,float,407100,121.69,407300,121.64
29360128,7340032,float,422000,121.76,421600,121.86
30408704,7602176,float,434100,122.60,433800,122.68
31457280,7864320,float,444800,123.76,444600,123.82
32505856,8126464,float,469000,121.28,469200,121.23
33554432,8388608,float,479300,122.51,480000,122.34
34603008,8650752,float,487700,124.15,488800,123.90
35651584,8912896,float,502500,124.15,504200,123.73
36700160,9175040,float,515799,124.52,516200,124.41
37748736,9437184,float,527500,125.22,527200,125.31
38797312,9699328,float,550800,123.27,553600,122.64
39845888,9961472,float,561000,124.30,561900,124.09
40894464,10223616,float,570000,125.55,570500,125.44
41943040,10485760,float,584800,125.51,586200,125.20
42991616,10747904,float,597200,125.98,598000,125.82
44040192,11010048,float,607800,126.80,609500,126.45
45088768,11272192,float,632800,124.70,633200,124.61
46137344,11534336,float,643100,125.55,643800,125.41
47185920,11796480,float,651600,126.72,652600,126.54
48234496,12058624,float,666200,126.71,666700,126.61
49283072,12320768,float,679000,127.02,680600,126.72
50331648,12582912,float,689800,127.69,690900,127.48
51380224,12845056,float,713400,126.04,714700,125.81
52428800,13107200,float,724200,126.69,724400,126.65
53477376,13369344,float,732700,127.73,733600,127.57
54525952,13631488,float,747700,127.62,748900,127.41
55574528,13893632,float,761300,127.74,761200,127.76
56623104,14155776,float,771500,128.44,772900,128.20
57671680,14417920,float,795600,126.86,796800,126.66
58720256,14680064,float,805100,127.63,806900,127.35
59768832,14942208,float,814600,128.40,816000,128.18
60817408,15204352,float,829200,128.35,830600,128.14
61865984,15466496,float,841900,128.59,843300,128.38
62914560,15728640,float,853500,129.00,854600,128.83
63963136,15990784,float,876600,127.69,878100,127.48
65011712,16252928,float,886800,128.29,888700,128.02
66060288,16515072,float,896600,128.94,897400,128.82
67108864,16777216,float,911300,128.88,912200,128.74
68157440,17039360,float,923500,129.16,925000,128.94
69206016,17301504,float,934400,129.62,935800,129.42
70254592,17563648,float,958800,128.22,959200,128.17
71303168,17825792,float,968800,128.79,969400,128.72
72351744,18087936,float,977200,129.58,978500,129.39
73400320,18350080,float,992100,129.47,992400,129.44
74448896,18612224,float,1004600,129.69,1005400,129.58
75497472,18874368,float,1018800,129.68,1018600,129.71
76546048,19136512,float,1038900,128.94,1040000,128.80
77594624,19398656,float,1048500,129.51,1050300,129.29
78643200,19660800,float,1058100,130.07,1059200,129.94
79691776,19922944,float,1072200,130.07,1074200,129.83
80740352,20185088,float,1084500,130.29,1086000,130.11
81788928,20447232,float,1095800,130.62,1096800,130.50
82837504,20709376,float,1119800,129.46,1120300,129.40
83886080,20971520,float,1129200,130.00,1131400,129.75
84934656,21233664,float,1138500,130.55,1139600,130.43
85983232,21495808,float,1153300,130.46,1154500,130.34
87031808,21757952,float,1165300,130.70,1167100,130.50
88080384,22020096,float,1176500,131.01,1178000,130.84
89128960,22282240,float,1199100,130.07,1201700,129.80
90177536,22544384,float,1210900,130.32,1211900,130.22
91226112,22806528,float,1218700,131.00,1220700,130.79
92274688,23068672,float,1233800,130.88,1235700,130.68
93323264,23330816,float,1246900,130.98,1248300,130.83
94371840,23592960,float,1257400,131.34,1259300,131.15
95420416,23855104,float,1280100,130.45,1281300,130.32
96468992,24117248,float,1290500,130.81,1292200,130.64
97517568,24379392,float,1299700,131.30,1301400,131.13
98566144,24641536,float,1313900,131.28,1316700,131.00
99614720,24903680,float,1327300,131.34,1328500,131.22
100663296,25165824,float,1338300,131.63,1339400,131.53
101711872,25427968,float,1361400,130.75,1443300,123.32
102760448,25690112,float,1371500,131.12,1372400,131.03
103809024,25952256,float,1379800,131.66,1382400,131.41
104857600,26214400,float,1395400,131.50,1396600,131.39
105906176,26476544,float,1408300,131.60,1409800,131.46
106954752,26738688,float,1419200,131.88,1420600,131.75
108003328,27000832,float,1442000,131.07,1443500,130.93
109051904,27262976,float,1453300,131.31,1455500,131.12
110100480,27525120,float,1462100,131.78,1462800,131.71
111149056,27787264,float,1476300,131.76,1478000,131.61
112197632,28049408,float,1489200,131.85,1491200,131.67
113246208,28311552,float,1501400,132.00,1503600,131.81
114294784,28573696,float,1522200,131.40,1524000,131.25
115343360,28835840,float,1533400,131.63,1534800,131.51
116391936,29097984,float,1542700,132.03,1544500,131.88
117440512,29360128,float,1557300,131.97,1559400,131.79
118489088,29622272,float,1570100,132.07,1572900,131.83
119537664,29884416,float,1581200,132.30,1584100,132.05
120586240,30146560,float,1604100,131.55,1605600,131.43
121634816,30408704,float,1614500,131.84,1616600,131.67
122683392,30670848,float,1624900,132.13,1626300,132.01
123731968,30932992,float,1639400,132.08,1640600,131.98
124780544,31195136,float,1652500,132.14,1655300,131.92
125829120,31457280,float,1665900,132.18,1671600,131.73
126877696,31719424,float,1684300,131.83,1686600,131.65
127926272,31981568,float,1695100,132.07,1697400,131.89
128974848,32243712,float,1704500,132.42,1706900,132.23
130023424,32505856,float,1720200,132.28,1721800,132.16
131072000,32768000,float,1732100,132.43,1734200,132.27
132120576,33030144,float,1744500,132.53,1746400,132.39
133169152,33292288,float,1765500,132.00,1767900,131.82
134217728,33554432,float,1777100,132.17,1779700,131.97
135266304,33816576,float,1786000,132.54,1787600,132.42
136314880,34078720,float,1799800,132.54,1803000,132.31
137363456,34340864,float,1813100,132.58,1816400,132.34
138412032,34603008,float,1824400,132.77,1826600,132.60
139460608,34865152,float,1846400,132.18,1848900,132.00
140509184,35127296,float,1857400,132.39,1859200,132.26
141557760,35389440,float,1866200,132.74,1870100,132.46
142606336,35651584,float,1880500,132.71,1883800,132.47
143654912,35913728,float,1894300,132.71,1897300,132.50
144703488,36175872,float,1904800,132.95,1907900,132.73
145752064,36438016,float,1928700,132.24,1930000,132.16
146800640,36700160,float,1937600,132.59,1941100,132.35
147849216,36962304,float,1946300,132.94,1949500,132.72
148897792,37224448,float,1961000,132.87,1964700,132.63
149946368,37486592,float,1975400,132.84,1978500,132.63
150994944,37748736,float,1999200,132.18,2001000,132.05
152043520,38010880,float,2007500,132.54,2010700,132.33
153092096,38273024,float,2017100,132.82,2021100,132.55
154140672,38535168,float,2027200,133.06,2030000,132.88
155189248,38797312,float,2042400,132.97,2046100,132.73
156237824,39059456,float,2055100,133.04,2057199,132.91
157286400,39321600,float,2065800,133.24,2069100,133.03
158334976,39583744,float,2088400,132.68,2090199,132.57
159383552,39845888,float,2099000,132.88,2101800,132.71
160432128,40108032,float,2108800,133.14,2111600,132.96
161480704,40370176,float,2121800,133.19,2125400,132.96
162529280,40632320,float,2135600,133.19,2138200,133.02
163577856,40894464,float,2146600,133.36,2150400,133.12
164626432,41156608,float,2168000,132.88,2169900,132.77
165675008,41418752,float,2178000,133.12,2181100,132.93
166723584,41680896,float,2188400,133.32,2191300,133.14
167772160,41943040,float,2204600,133.18,2206600,133.06
168820736,42205184,float,2215300,133.36,2218300,133.18
169869312,42467328,float,2228000,133.42,2230000,133.30
170917888,42729472,float,2248500,133.02,2251200,132.87
171966464,42991616,float,2259500,133.19,2262800,133.00
173015040,43253760,float,2268600,133.46,2271900,133.27
174063616,43515904,float,2282700,133.44,2285800,133.26
175112192,43778048,float,2299500,133.26,2301800,133.14
176160768,44040192,float,2316700,133.07,2320900,132.83
177209344,44302336,float,2329000,133.15,2331800,132.99
178257920,44564480,float,2339900,133.32,2342700,133.16
179306496,44826624,float,2349500,133.55,2353200,133.35
180355072,45088768,float,2366700,133.36,2369800,133.19
181403648,45350912,float,2377300,133.54,2380400,133.36
182452224,45613056,float,2388500,133.68,2391800,133.49
183500800,45875200,float,2408800,133.32,2412900,133.09
184549376,46137344,float,2420600,133.42,2424800,133.19
185597952,46399488,float,2429900,133.67,2432700,133.51
186646528,46661632,float,2443500,133.67,2446300,133.52
187695104,46923776,float,2457100,133.68,2460400,133.50
188743680,47185920,float,2469900,133.73,2473500,133.54
189792256,47448064,float,2488200,133.49,2491200,133.33
190840832,47710208,float,2500700,133.55,2503400,133.41
191889408,47972352,float,2511300,133.72,2512400,133.66
192937984,48234496,float,2524900,133.73,2528000,133.56
193986560,48496640,float,2537700,133.77,2541900,133.55
195035136,48758784,float,2548800,133.91,2552800,133.70
196083712,49020928,float,2569200,133.56,2573000,133.36
197132288,49283072,float,2582300,133.59,2586100,133.40
198180864,49545216,float,2590900,133.86,2594800,133.66
199229440,49807360,float,2606000,133.79,2608500,133.66
200278016,50069504,float,2625800,133.48,2630400,133.25
201326592,50331648,float,2643900,133.26,2648500,133.03
202375168,50593792,float,2723700,130.03,2726400,129.90
203423744,50855936,float,2741700,129.84,2744100,129.73
204472320,51118080,float,2758400,129.72,2762500,129.53
205520896,51380224,float,2775100,129.60,2778500,129.44
206569472,51642368,float,2789800,129.58,2793800,129.39
207618048,51904512,float,2797400,129.88,2801300,129.70
208666624,52166656,float,2815500,129.70,2816000,129.68
209715200,52428800,float,2826200,129.86,2829800,129.69
210763776,52690944,float,2836500,130.03,2839000,129.92
211812352,52953088,float,2846500,130.22,2851000,130.01
212860928,53215232,float,2859000,130.29,2861800,130.17
213909504,53477376,float,2861400,130.82,2863100,130.75
214958080,53739520,float,2880200,130.61,2883100,130.47
216006656,54001664,float,2881400,131.19,2886200,130.97
217055232,54263808,float,2893400,131.28,2897600,131.09
218103808,54525952,float,2900400,131.60,2904600,131.41
219152384,54788096,float,2912700,131.67,2917100,131.47
220200960,55050240,float,2918500,132.04,2921900,131.88
221249536,55312384,float,2940400,131.68,2945800,131.44
222298112,55574528,float,2946600,132.03,2948900,131.92
223346688,55836672,float,2955800,132.23,2960900,132.01
224395264,56098816,float,2966300,132.38,2970700,132.19
225443840,56360960,float,2983400,132.24,2986200,132.12
226492416,56623104,float,2990000,132.56,2997900,132.21
227540992,56885248,float,3012400,132.19,3017000,131.98
228589568,57147392,float,3018300,132.53,3021700,132.39
229638144,57409536,float,3036200,132.36,3036200,132.36
230686720,57671680,float,3041700,132.72,3043200,132.66
231735296,57933824,float,3057100,132.65,3060000,132.53
232783872,58195968,float,3064500,132.93,3067600,132.80
233832448,58458112,float,3091500,132.36,3093900,132.26
234881024,58720256,float,3097900,132.69,3100900,132.55
235929600,58982400,float,3110000,132.76,3114000,132.59
236978176,59244544,float,3121100,132.87,3126000,132.66
238026752,59506688,float,3140200,132.65,3145000,132.45
239075328,59768832,float,3146900,132.95,3151000,132.78
240123904,60030976,float,3170500,132.54,3175500,132.33
241172480,60293120,float,3178100,132.80,3182400,132.62
242221056,60555264,float,3193000,132.76,3196700,132.60
243269632,60817408,float,3203000,132.92,3207400,132.73
244318208,61079552,float,3218500,132.84,3223300,132.65
245366784,61341696,float,3225600,133.12,3232000,132.86
246415360,61603840,float,3250600,132.66,3256100,132.44
247463936,61865984,float,3262500,132.74,3263800,132.69
248512512,62128128,float,3272800,132.88,3277800,132.68
249561088,62390272,float,3283200,133.02,3285600,132.92
250609664,62652416,float,3299900,132.90,3305100,132.69
251658240,62914560,float,3307800,133.14,3311400,133.00
252706816,63176704,float,3330700,132.78,3335400,132.59
253755392,63438848,float,3339900,132.96,3341000,132.92
254803968,63700992,float,3352900,132.99,3355600,132.89
255852544,63963136,float,3365400,133.04,3367800,132.95
256901120,64225280,float,3380500,132.99,3385300,132.80
257949696,64487424,float,3388600,133.21,3392800,133.05
258998272,64749568,float,3411800,132.85,3416900,132.65
260046848,65011712,float,3421100,133.02,3425900,132.84
261095424,65273856,float,3431700,133.14,3437900,132.90
262144000,65536000,float,3444900,133.17,3447700,133.06
263192576,65798144,float,3460100,133.11,3466400,132.87
264241152,66060288,float,3470400,133.25,3474600,133.09
265289728,66322432,float,3492700,132.92,3497100,132.75
266338304,66584576,float,3501800,133.10,3505000,132.98
267386880,66846720,float,3515800,133.09,3519700,132.95
268435456,67108864,float,3527400,133.18,3529200,133.11
269484032,67371008,float,3542900,133.11,3546200,132.99
270532608,67633152,float,3552500,133.27,3555500,133.16
271581184,67895296,float,3573100,133.01,3577200,132.86
272629760,68157440,float,3583500,133.14,3586100,133.04
273678336,68419584,float,3595100,133.22,3597600,133.13
274726912,68681728,float,3606800,133.30,3610400,133.16
275775488,68943872,float,3621300,133.27,3626000,133.10
276824064,69206016,float,3635800,133.24,3636400,133.22
277872640,69468160,float,3654800,133.05,3658900,132.90
278921216,69730304,float,3663200,133.25,3667100,133.11
279969792,69992448,float,3675300,133.31,3678500,133.19
281018368,70254592,float,3687600,133.36,3690600,133.25
282066944,70516736,float,3702400,133.32,3706700,133.17
283115520,70778880,float,3712400,133.46,3718200,133.25
284164096,71041024,float,3735900,133.11,3738300,133.02
285212672,71303168,float,3744900,133.28,3748400,133.16
286261248,71565312,float,3756400,133.36,3762200,133.16
287309824,71827456,float,3769000,133.40,3772000,133.30
288358400,72089600,float,3785100,133.32,3789400,133.17
289406976,72351744,float,3795000,133.45,3796100,133.42
290455552,72613888,float,3817200,133.16,3818000,133.13
291504128,72876032,float,3826000,133.33,3828500,133.25
292552704,73138176,float,3835600,133.48,3840800,133.30
293601280,73400320,float,3850300,133.45,3854300,133.30
294649856,73662464,float,3864800,133.42,3868600,133.29
295698432,73924608,float,3875000,133.54,3878500,133.42
296747008,74186752,float,3896600,133.27,3900700,133.13
297795584,74448896,float,3906200,133.42,3910400,133.27
298844160,74711040,float,3916700,133.53,3923600,133.29
299892736,74973184,float,3929400,133.56,3933700,133.41
300941312,75235328,float,3944700,133.51,3950600,133.31
301989888,75497472,float,3954500,133.64,3959100,133.49
303038464,75759616,float,3978400,133.30,3981600,133.19
304087040,76021760,float,3986900,133.47,3990800,133.35
305135616,76283904,float,3999500,133.51,4003600,133.38
306184192,76546048,float,4009800,133.63,4017500,133.37
307232768,76808192,float,4026600,133.53,4031800,133.36
308281344,77070336,float,4036000,133.67,4043300,133.43
309329920,77332480,float,4059900,133.34,4065600,133.15
310378496,77594624,float,4067900,133.52,4069300,133.48
311427072,77856768,float,4080300,133.57,4083800,133.45
312475648,78118912,float,4094500,133.55,4096300,133.49
313524224,78381056,float,4108100,133.56,4113500,133.38
314572800,78643200,float,4115600,133.76,4122600,133.53
315621376,78905344,float,4140100,133.41,4144300,133.28
316669952,79167488,float,4149399,133.56,4154300,133.40
317718528,79429632,float,4160200,133.65,4164600,133.51
318767104,79691776,float,4173800,133.65,4178000,133.52
319815680,79953920,float,4187300,133.66,4194100,133.44
320864256,80216064,float,4198400,133.75,4204600,133.55
321912832,80478208,float,4220300,133.48,4224300,133.36
322961408,80740352,float,4231900,133.55,4235600,133.43
324009984,81002496,float,4242600,133.65,4246900,133.51
325058560,81264640,float,4254300,133.71,4259500,133.55
326107136,81526784,float,4269800,133.66,4276200,133.46
327155712,81788928,float,4280400,133.75,4286800,133.56
328204288,82051072,float,4299900,133.58,4305600,133.40
329252864,82313216,float,4309900,133.69,4315000,133.53
330301440,82575360,float,4321700,133.75,4329100,133.52
331350016,82837504,float,4335200,133.76,4339600,133.62
332398592,83099648,float,4350500,133.71,4355600,133.55
333447168,83361792,float,4360400,133.83,4363600,133.73
334495744,83623936,float,4381900,133.59,4386200,133.46
335544320,83886080,float,4389200,133.78,4395100,133.60
336592896,84148224,float,4402000,133.81,4407500,133.65
337641472,84410368,float,4417200,133.77,4419500,133.70
338690048,84672512,float,4430800,133.77,4437300,133.57
339738624,84934656,float,4442900,133.82,4445500,133.74
340787200,85196800,float,4463000,133.63,4467400,133.50
341835776,85458944,float,4471600,133.78,4477500,133.60
342884352,85721088,float,4483800,133.82,4489000,133.67
343932928,85983232,float,4496200,133.86,4502000,133.69
344981504,86245376,float,4512400,133.79,4518300,133.61
346030080,86507520,float,4523100,133.88,4525400,133.81
347078656,86769664,float,4543000,133.70,4548700,133.53
348127232,87031808,float,4552500,133.82,4557800,133.67
349175808,87293952,float,4565800,133.83,4570600,133.69
350224384,87556096,float,4577300,133.90,4582300,133.75
351272960,87818240,float,4592700,133.85,4600700,133.62
352321536,88080384,float,4609000,133.77,4614700,133.61
353370112,88342528,float,4623600,133.75,4627800,133.63
354418688,88604672,float,4632000,133.90,4637300,133.75
355467264,88866816,float,4646600,133.88,4652400,133.71
356515840,89128960,float,4660000,133.89,4667200,133.68
357564416,89391104,float,4672000,133.93,4681200,133.67
358612992,89653248,float,4683700,133.99,4686900,133.90
359661568,89915392,float,4705900,133.75,4712200,133.57
360710144,90177536,float,4714600,133.89,4717600,133.81
361758720,90439680,float,4728600,133.88,4732000,133.79
362807296,90701824,float,4739600,133.96,4742700,133.87
363855872,90963968,float,4754500,133.93,4761100,133.74
364904448,91226112,float,4764900,134.02,4769600,133.89
365953024,91488256,float,4785100,133.84,4791800,133.65
367001600,91750400,float,4792700,134.01,4798500,133.84
368050176,92012544,float,4807200,133.98,4811800,133.86
369098752,92274688,float,4820300,134.00,4826400,133.83
370147328,92536832,float,4835800,133.95,4842700,133.76
371195904,92798976,float,4844500,134.09,4851700,133.89
372244480,93061120,float,4866700,133.85,4874300,133.65
373293056,93323264,float,4877000,133.95,4882500,133.80
374341632,93585408,float,4890300,133.96,4894600,133.84
375390208,93847552,float,4899800,134.07,4906100,133.90
376438784,94109696,float,4918800,133.93,4924300,133.78
377487360,94371840,float,4931700,133.95,4937200,133.80
378535936,94633984,float,4947300,133.90,4952600,133.76
379584512,94896128,float,4953900,134.09,4960400,133.91
380633088,95158272,float,4968400,134.07,4975700,133.87
381681664,95420416,float,4982700,134.05,4988900,133.89
382730240,95682560,float,4997800,134.02,5004900,133.82
383778816,95944704,float,5005300,134.18,5016100,133.89
384827392,96206848,float,5027500,133.95,5036000,133.73
385875968,96468992,float,5036300,134.08,5045200,133.85
386924544,96731136,float,5050200,134.08,5055300,133.94
387973120,96993280,float,5058000,134.23,5066600,134.01
389021696,97255424,float,5079200,134.04,5083100,133.93
390070272,97517568,float,5085900,134.22,5092900,134.04
391118848,97779712,float,5106900,134.03,5115500,133.80
392167424,98041856,float,5120300,134.03,5123700,133.94
393216000,98304000,float,5131100,134.11,5137800,133.94
394264576,98566144,float,5143800,134.14,5149900,133.98
395313152,98828288,float,5157300,134.14,5165800,133.92
396361728,99090432,float,5166700,134.25,5171100,134.14
397410304,99352576,float,5190600,133.98,5198700,133.78
398458880,99614720,float,5199300,134.11,5202000,134.05
399507456,99876864,float,5212500,134.13,5217900,133.99
400556032,100139008,float,5223700,134.19,5232000,133.98
401604608,100401152,float,5245500,133.98,5255200,133.74
402653184,100663296,float,5261900,133.91,5268600,133.74
403701760,100925440,float,5344100,132.20,5348600,132.09
404750336,101187584,float,5354600,132.28,5364200,132.04
405798912,101449728,float,5378200,132.04,5384300,131.89
406847488,101711872,float,5390200,132.09,5397500,131.91
407896064,101974016,float,5408200,131.99,5416700,131.78
408944640,102236160,float,5413000,132.21,5420200,132.03
409993216,102498304,float,5432900,132.06,5442200,131.84
411041792,102760448,float,5438800,132.26,5446200,132.08
412090368,103022592,float,5455900,132.18,5463800,131.99
413138944,103284736,float,5459100,132.44,5469300,132.19
414187520,103546880,float,5477600,132.33,5484300,132.17
415236096,103809024,float,5479900,132.61,5483900,132.51
416284672,104071168,float,5500700,132.44,5504900,132.34
417333248,104333312,float,5500800,132.77,5503500,132.70
418381824,104595456,float,5511700,132.84,5518200,132.68
419430400,104857600,float,5517900,133.02,5525100,132.85
420478976,105119744,float,5531200,133.03,5539400,132.84
421527552,105381888,float,5534700,133.28,5537200,133.22
422576128,105644032,float,5558300,133.05,5561600,132.97
423624704,105906176,float,5561600,133.30,5568300,133.14
424673280,106168320,float,5575300,133.30,5583400,133.11
425721856,106430464,float,5581400,133.48,5589500,133.29
426770432,106692608,float,5602100,133.32,5608400,133.17
427819008,106954752,float,5603300,133.61,5608700,133.49
428867584,107216896,float,5629600,133.32,5635200,133.18
429916160,107479040,float,5634900,133.52,5637300,133.46
430964736,107741184,float,5650800,133.47,5656700,133.33
432013312,108003328,float,5655800,133.67,5661700,133.53
433061888,108265472,float,5675900,133.52,5683600,133.34
434110464,108527616,float,5680400,133.74,5686500,133.60
435159040,108789760,float,5710300,133.36,5714900,133.25
436207616,109051904,float,5713000,133.62,5717700,133.51
437256192,109314048,float,5728700,133.57,5735000,133.43
438304768,109576192,float,5739500,133.64,5743600,133.55
439353344,109838336,float,5758700,133.51,5763300,133.41
440401920,110100480,float,5761200,133.77,5768300,133.61
441450496,110362624,float,5787900,133.48,5796900,133.27
442499072,110624768,float,5794200,133.65,5801900,133.47
443547648,110886912,float,5809100,133.62,5816000,133.46
444596224,111149056,float,5818600,133.72,5826100,133.55
445644800,111411200,float,5836800,133.61,5844700,133.43
446693376,111673344,float,5841500,133.82,5847800,133.68
447741952,111935488,float,5869700,133.49,5876700,133.33
448790528,112197632,float,5875000,133.68,5883200,133.50
449839104,112459776,float,5889300,133.67,5901800,133.39
450887680,112721920,float,5897600,133.79,5903900,133.65
451936256,112984064,float,5918100,133.64,5924200,133.50
452984832,113246208,float,5923600,133.82,5929200,133.70
454033408,113508352,float,5953000,133.47,5960600,133.30
455081984,113770496,float,5955500,133.72,5959500,133.64
456130560,114032640,float,5968900,133.73,5979600,133.49
457179136,114294784,float,5978500,133.82,5984000,133.70
458227712,114556928,float,5998800,133.68,6007200,133.49
459276288,114819072,float,6004800,133.85,6010400,133.72
460324864,115081216,float,6028100,133.64,6035800,133.46
461373440,115343360,float,6033800,133.81,6042300,133.63
462422016,115605504,float,6048500,133.79,6056500,133.62
463470592,115867648,float,6059100,133.86,6065300,133.72
464519168,116129792,float,6077200,133.76,6084800,133.60
465567744,116391936,float,6084100,133.91,6089300,133.80
466616320,116654080,float,6109700,133.65,6118000,133.47
467664896,116916224,float,6114900,133.84,6119000,133.75
468713472,117178368,float,6130000,133.81,6140400,133.58
469762048,117440512,float,6139100,133.91,6145900,133.76
470810624,117702656,float,6159300,133.77,6166900,133.60
471859200,117964800,float,6165300,133.94,6170000,133.83
472907776,118226944,float,6189300,133.71,6197000,133.55
473956352,118489088,float,6195800,133.87,6202400,133.73
475004928,118751232,float,6211500,133.83,6221600,133.61
476053504,119013376,float,6219100,133.96,6226800,133.79
477102080,119275520,float,6240000,133.80,6247400,133.64
478150656,119537664,float,6246300,133.96,6251300,133.85
479199232,119799808,float,6272800,133.69,6279100,133.55
480247808,120061952,float,6277000,133.89,6284300,133.73
481296384,120324096,float,6293000,133.84,6301200,133.67
482344960,120586240,float,6301300,133.96,6308700,133.80
483393536,120848384,float,6319700,133.86,6329000,133.66
484442112,121110528,float,6327100,133.99,6334700,133.83
485490688,121372672,float,6349200,133.81,6360700,133.57
486539264,121634816,float,6358900,133.90,6366800,133.73
487587840,121896960,float,6374400,133.86,6380800,133.73
488636416,122159104,float,6379900,134.03,6389000,133.84
489684992,122421248,float,6401400,133.87,6409400,133.70
490733568,122683392,float,6405900,134.06,6413300,133.91
491782144,122945536,float,6431000,133.82,6437600,133.69
492830720,123207680,float,6436700,133.99,6443900,133.84
493879296,123469824,float,6453200,133.93,6463700,133.71
494927872,123731968,float,6463800,134.00,6467300,133.92
495976448,123994112,float,6479900,133.95,6489600,133.75
497025024,124256256,float,6488200,134.06,6494100,133.94
498073600,124518400,float,6511600,133.86,6521200,133.66
499122176,124780544,float,6520200,133.96,6525600,133.85
500170752,125042688,float,6533200,133.98,6541700,133.80
501219328,125304832,float,6541000,134.10,6550300,133.91
502267904,125566976,float,6563000,133.93,6571900,133.75
503316480,125829120,float,6567800,134.11,6577900,133.90
504365056,126091264,float,6592700,133.88,6599900,133.74
505413632,126353408,float,6600800,133.99,6605800,133.89
506462208,126615552,float,6615300,133.98,6624500,133.79
507510784,126877696,float,6626000,134.04,6632400,133.91
508559360,127139840,float,6645900,133.91,6653400,133.76
509607936,127401984,float,6649800,134.11,6655500,134.00
510656512,127664128,float,6675000,133.88,6680400,133.77
511705088,127926272,float,6682500,134.00,6686800,133.92
512753664,128188416,float,6697900,133.97,6705000,133.83
513802240,128450560,float,6706200,134.08,6712100,133.96
514850816,128712704,float,6724700,133.98,6734800,133.78
515899392,128974848,float,6730500,134.14,6737800,133.99
516947968,129236992,float,6756500,133.89,6765900,133.71
517996544,129499136,float,6762400,134.05,6767000,133.96
519045120,129761280,float,6779000,133.99,6786600,133.84
520093696,130023424,float,6784900,134.15,6793100,133.98
521142272,130285568,float,6803500,134.05,6812800,133.87
522190848,130547712,float,6810700,134.18,6817800,134.04
523239424,130809856,float,6835800,133.95,6843500,133.80
524288000,131072000,float,6840100,134.14,6850900,133.92
525336576,131334144,float,6856400,134.08,6865800,133.90
526385152,131596288,float,6866400,134.16,6875700,133.97
527433728,131858432,float,6883800,134.08,6895200,133.86
528482304,132120576,float,6894300,134.15,6901700,134.00
529530880,132382720,float,6916200,133.99,6924100,133.83
530579456,132644864,float,6920300,134.17,6929100,134.00
531628032,132907008,float,6939700,134.06,6947100,133.92
532676608,133169152,float,6947000,134.19,6952600,134.08
533725184,133431296,float,6963900,134.12,6974900,133.91
534773760,133693440,float,6971200,134.25,6985300,133.98
535822336,133955584,float,6998100,133.99,7009000,133.78
536870912,134217728,float,7004400,134.13,7012200,133.98
537919488,134479872,float,7012800,134.23,7020700,134.08
538968064,134742016,float,7027700,134.21,7034100,134.09
540016640,135004160,float,7043300,134.17,7050600,134.04
541065216,135266304,float,7054100,134.23,7060800,134.10
542113792,135528448,float,7070700,134.17,7078600,134.02
543162368,135790592,float,7084900,134.16,7089900,134.07
544210944,136052736,float,7094300,134.24,7102900,134.08
545259520,136314880,float,7111100,134.19,7117100,134.07
546308096,136577024,float,7120400,134.27,7130700,134.07
547356672,136839168,float,7135500,134.24,7142600,134.11
548405248,137101312,float,7152700,134.17,7161900,134.00
549453824,137363456,float,7164000,134.22,7172900,134.05
550502400,137625600,float,7176300,134.24,7182200,134.13
551550976,137887744,float,7190300,134.24,7198400,134.09
552599552,138149888,float,7203700,134.24,7210900,134.11
553648128,138412032,float,7219900,134.20,7229700,134.01
554696704,138674176,float,7236000,134.15,7241300,134.05
555745280,138936320,float,7245800,134.22,7254900,134.05
556793856,139198464,float,7255600,134.29,7262700,134.16
557842432,139460608,float,7272900,134.23,7279500,134.11
558891008,139722752,float,7284000,134.28,7292200,134.12
559939584,139984896,float,7296400,134.30,7302700,134.18
560988160,140247040,float,7316200,134.19,7322500,134.07
562036736,140509184,float,7327800,134.22,7334300,134.10
563085312,140771328,float,7335400,134.34,7344800,134.16
564133888,141033472,float,7352900,134.26,7359500,134.14
565182464,141295616,float,7364200,134.31,7372300,134.16
566231040,141557760,float,7377300,134.32,7382800,134.22
567279616,141819904,float,7396700,134.21,7401900,134.12
568328192,142082048,float,7405900,134.29,7415000,134.13
569376768,142344192,float,7418200,134.32,7424400,134.21
570425344,142606336,float,7434900,134.27,7440300,134.17
571473920,142868480,float,7445800,134.31,7455500,134.14
572522496,143130624,float,7457100,134.36,7466100,134.20
573571072,143392768,float,7476900,134.25,7483300,134.13
574619648,143654912,float,7486400,134.32,7497600,134.12
575668224,143917056,float,7497600,134.36,7504000,134.25
576716800,144179200,float,7511500,134.36,7519000,134.23
577765376,144441344,float,7528800,134.30,7536200,134.16
578813952,144703488,float,7542800,134.29,7550600,134.15
579862528,144965632,float,7554200,134.33,7564200,134.15
580911104,145227776,float,7568000,134.33,7576800,134.17
581959680,145489920,float,7579200,134.37,7587600,134.22
583008256,145752064,float,7597200,134.30,7603000,134.19
584056832,146014208,float,7607900,134.35,7616000,134.20
585105408,146276352,float,7618000,134.41,7626900,134.25
586153984,146538496,float,7637000,134.32,7644200,134.19
587202560,146800640,float,7651100,134.31,7656600,134.21
588251136,147062784,float,7661700,134.36,7668300,134.25
589299712,147324928,float,7674400,134.38,7683600,134.22
590348288,147587072,float,7689800,134.35,7695800,134.24
591396864,147849216,float,7701900,134.38,7709100,134.25
592445440,148111360,float,7720000,134.30,7726200,134.19
593494016,148373504,float,7731500,134.34,7738500,134.21
594542592,148635648,float,7739600,134.43,7748200,134.28
595591168,148897792,float,7757900,134.35,7765700,134.22
596639744,149159936,float,7769300,134.39,7773500,134.32
597688320,149422080,float,7779700,134.45,7789300,134.28
598736896,149684224,float,7798900,134.35,7806200,134.23
599785472,149946368,float,7814600,134.32,7819400,134.23
600834048,150208512,float,7825300,134.37,7830700,134.27
601882624,150470656,float,7838000,134.38,7843800,134.28
602931200,150732800,float,7856100,134.31,7863500,134.18
603979776,150994944,float,7870900,134.29,7881900,134.10
605028352,151257088,float,7947900,133.22,7960400,133.01
606076928,151519232,float,7969600,133.09,7975200,132.99
607125504,151781376,float,7986000,133.04,7991800,132.95
608174080,152043520,float,8002700,132.99,8011500,132.85
609222656,152305664,float,8013200,133.05,8023800,132.87
610271232,152567808,float,8026600,133.05,8033300,132.94
611319808,152829952,float,8040400,133.06,8046400,132.95
612368384,153092096,float,8049400,133.13,8056800,133.01
613416960,153354240,float,8060600,133.18,8071500,133.00
614465536,153616384,float,8075400,133.16,8082000,133.05
615514112,153878528,float,8083700,133.25,8091400,133.12
616562688,154140672,float,8087600,133.41,8096800,133.26
617611264,154402816,float,8103700,133.37,8111200,133.25
618659840,154664960,float,8108500,133.52,8118800,133.35
619708416,154927104,float,8115200,133.64,8124000,133.49
620756992,155189248,float,8128600,133.64,8136100,133.52
621805568,155451392,float,8139800,133.68,8146600,133.57
622854144,155713536,float,8146900,133.79,8153900,133.68
623902720,155975680,float,8164500,133.73,8172900,133.59
624951296,156237824,float,8171900,133.83,8183400,133.64
625999872,156499968,float,8179400,133.93,8189800,133.76
627048448,156762112,float,8194900,133.90,8205500,133.73
628097024,157024256,float,8206700,133.94,8216900,133.77
629145600,157286400,float,8215100,134.02,8226799,133.83
630194176,157548544,float,8239200,133.85,8245100,133.76
631242752,157810688,float,8248200,133.93,8255500,133.81
632291328,158072832,float,8254100,134.06,8263299,133.91
633339904,158334976,float,8269900,134.02,8275400,133.93
634388480,158597120,float,8282299,134.04,8293000,133.87
635437056,158859264,float,8295400,134.05,8301200,133.96
636485632,159121408,float,8314900,133.96,8322400,133.84
637534208,159383552,float,8322900,134.05,8334799,133.86
638582784,159645696,float,8334799,134.08,8343500,133.94
639631360,159907840,float,8347500,134.09,8357900,133.93
640679936,160169984,float,8362400,134.07,8369200,133.97
641728512,160432128,float,8372500,134.13,8381900,133.98
642777088,160694272,float,8395400,133.99,8401300,133.89
643825664,160956416,float,8407900,134.00,8414700,133.90
644874240,161218560,float,8413300,134.14,8423400,133.98
645922816,161480704,float,8430500,134.08,8438300,133.96
646971392,161742848,float,8442000,134.11,8451800,133.96
648019968,162004992,float,8453700,134.15,8463700,133.99
649068544,162267136,float,8475200,134.02,8482100,133.91
650117120,162529280,float,8485500,134.08,8494700,133.93
651165696,162791424,float,8494200,134.16,8502700,134.02
652214272,163053568,float,8507900,134.16,8516300,134.02
653262848,163315712,float,8521900,134.15,8530700,134.01
654311424,163577856,float,8534900,134.16,8545100,134.00
655360000,163840000,float,8555800,134.05,8565100,133.90
656408576,164102144,float,8567600,134.08,8573400,133.99
657457152,164364288,float,8574500,134.18,8584100,134.03
658505728,164626432,float,8593400,134.10,8598700,134.02
659554304,164888576,float,8603600,134.16,8612300,134.02
660602880,165150720,float,8616100,134.17,8623000,134.07
661651456,165412864,float,8637500,134.05,8642800,133.97
662700032,165675008,float,8646200,134.13,8655000,133.99
663748608,165937152,float,8656600,134.18,8665200,134.05
664797184,166199296,float,8670300,134.18,8677900,134.06
665845760,166461440,float,8685200,134.16,8691400,134.07
666894336,166723584,float,8695500,134.21,8705700,134.06
667942912,166985728,float,8717100,134.09,8724200,133.98
668991488,167247872,float,8727600,134.14,8736800,134.00
670040064,167510016,float,8737400,134.20,8747600,134.04
671088640,167772160,float,8750000,134.22,8763400,134.01
672137216,168034304,float,8766400,134.18,8778400,133.99
673185792,168296448,float,8776200,134.24,8785600,134.09
674234368,168558592,float,8795100,134.16,8806800,133.98
675282944,168820736,float,8810300,134.13,8815800,134.05
676331520,169082880,float,8815800,134.26,8826200,134.10
677380096,169345024,float,8831200,134.23,8838900,134.11
678428672,169607168,float,8845800,134.22,8851700,134.13
679477248,169869312,float,8857800,134.24,8866000,134.12
680525824,170131456,float,8875800,134.18,8885100,134.03
681574400,170393600,float,8888200,134.20,8897900,134.05
682622976,170655744,float,8897500,134.26,8908200,134.10
683671552,170917888,float,8912800,134.24,8921100,134.11
684720128,171180032,float,8925800,134.25,8932400,134.15
685768704,171442176,float,8938300,134.26,8946600,134.14
686817280,171704320,float,8960800,134.13,8963000,134.10
687865856,171966464,float,8971400,134.18,8981000,134.03
688914432,172228608,float,8977000,134.30,8987500,134.14
689963008,172490752,float,8991000,134.29,9001000,134.14
691011584,172752896,float,9007400,134.25,9016000,134.12
692060160,173015040,float,9018100,134.30,9030900,134.11
693108736,173277184,float,9037600,134.21,9044200,134.11
694157312,173539328,float,9048100,134.26,9058500,134.10
695205888,173801472,float,9060000,134.28,9072000,134.11
696254464,174063616,float,9076700,134.24,9085500,134.11
697303040,174325760,float,9088600,134.26,9101700,134.07
698351616,174587904,float,9099500,134.31,9112400,134.12
699400192,174850048,float,9118500,134.23,9131400,134.04
700448768,175112192,float,9130800,134.25,9140900,134.10
701497344,175374336,float,9141500,134.29,9148300,134.19
702545920,175636480,float,9153400,134.32,9167200,134.11
703594496,175898624,float,9170000,134.27,9178600,134.15
704643072,176160768,float,9178400,134.35,9187800,134.21
705691648,176422912,float,9198800,134.25,9208000,134.12
706740224,176685056,float,9212400,134.25,9223400,134.09
707788800,176947200,float,9220000,134.34,9230700,134.19
708837376,177209344,float,9233800,134.34,9245400,134.17
709885952,177471488,float,9249100,134.32,9257800,134.19
710934528,177733632,float,9257300,134.40,9271700,134.19
711983104,177995776,float,9280700,134.25,9289300,134.13
713031680,178257920,float,9292500,134.28,9301600,134.15
714080256,178520064,float,9302800,134.33,9313800,134.17
715128832,178782208,float,9313200,134.38,9324900,134.21
716177408,179044352,float,9332600,134.29,9340400,134.18
717225984,179306496,float,9341600,134.36,9350900,134.23
718274560,179568640,float,9360300,134.29,9371600,134.13
719323136,179830784,float,9370800,134.33,9378900,134.22
720371712,180092928,float,9382700,134.36,9392600,134.22
721420288,180355072,float,9399700,134.31,9407900,134.19
722468864,180617216,float,9411400,134.34,9418300,134.24
723517440,180879360,float,9424100,134.35,9432300,134.24
724566016,181141504,float,9443500,134.27,9451000,134.16
725614592,181403648,float,9455900,134.29,9464200,134.17
726663168,181665792,float,9463700,134.37,9473000,134.24
727711744,181927936,float,9479200,134.35,9486000,134.25
728760320,182190080,float,9495700,134.31,9503400,134.20
729808896,182452224,float,9503800,134.38,9512400,134.26
730857472,182714368,float,9522200,134.32,9532400,134.17
731906048,182976512,float,9533300,134.35,9547400,134.15
732954624,183238656,float,9544200,134.39,9556000,134.23
734003200,183500800,float,9563300,134.32,9570000,134.22
735051776,183762944,float,9574800,134.35,9580700,134.26
736100352,184025088,float,9582900,134.43,9594700,134.26
737148928,184287232,float,9603200,134.33,9611500,134.22
738197504,184549376,float,9616300,134.34,9622400,134.25
739246080,184811520,float,9628000,134.37,9634300,134.28
740294656,185073664,float,9639900,134.39,9648500,134.27
741343232,185335808,float,9652100,134.41,9666100,134.22
742391808,185597952,float,9665100,134.42,9675200,134.28
743440384,185860096,float,9683100,134.36,9693900,134.21
744488960,186122240,float,9693400,134.41,9702600,134.28
745537536,186384384,float,9705700,134.42,9717800,134.26
746586112,186646528,float,9720600,134.41,9729900,134.28
747634688,186908672,float,9733800,134.41,9745800,134.25
748683264,187170816,float,9746200,134.43,9755800,134.30
749731840,187432960,float,9761800,134.40,9774500,134.23
750780416,187695104,float,9777800,134.37,9788800,134.22
751828992,187957248,float,9786700,134.44,9795300,134.32
752877568,188219392,float,9803900,134.39,9807400,134.34
753926144,188481536,float,9814800,134.43,9828500,134.24
754974720,188743680,float,9829500,134.41,9842200,134.24
756023296,189005824,float,9842900,134.42,9857700,134.21
757071872,189267968,float,9859400,134.38,9867500,134.27
758120448,189530112,float,9869000,134.43,9880200,134.28
759169024,189792256,float,9881900,134.44,9893200,134.29
760217600,190054400,float,9894600,134.45,9904800,134.32
761266176,190316544,float,9909800,134.43,9919700,134.30
762314752,190578688,float,9927300,134.38,9938600,134.23
763363328,190840832,float,9939600,134.40,9950000,134.26
764411904,191102976,float,9950300,134.44,9959200,134.32
765460480,191365120,float,9963200,134.45,9972700,134.32
766509056,191627264,float,9980700,134.40,9986000,134.33
767557632,191889408,float,9988500,134.48,9999000,134.34
768606208,192151552,float,10005000,134.44,10018000,134.26
769654784,192413696,float,10018000,134.45,10028000,134.31
770703360,192675840,float,10032000,134.45,10037000,134.38
771751936,192937984,float,10044000,134.47,10056000,134.30
772800512,193200128,float,10054000,134.51,10070000,134.30
773849088,193462272,float,10072000,134.45,10080000,134.35
774897664,193724416,float,10088000,134.42,10096000,134.32
775946240,193986560,float,10102000,134.42,10114000,134.26
776994816,194248704,float,10110000,134.50,10119000,134.37
778043392,194510848,float,10124000,134.50,10135000,134.35
779091968,194772992,float,10137000,134.50,10148000,134.35
780140544,195035136,float,10154000,134.45,10164000,134.32
781189120,195297280,float,10168000,134.45,10180000,134.29
782237696,195559424,float,10180000,134.46,10190000,134.35
783286272,195821568,float,10189000,134.54,10203000,134.35
784334848,196083712,float,10208000,134.46,10217000,134.34
785383424,196345856,float,10219000,134.50,10230000,134.35
786432000,196608000,float,10230000,134.53,10241000,134.38
787480576,196870144,float,10250000,134.44,10259000,134.33
788529152,197132288,float,10263000,134.46,10273000,134.32
789577728,197394432,float,10271000,134.53,10283000,134.37
790626304,197656576,float,10288000,134.49,10297000,134.37
791674880,197918720,float,10299000,134.52,10308000,134.40
792723456,198180864,float,10313000,134.52,10322000,134.39
793772032,198443008,float,10331000,134.46,10340000,134.34
794820608,198705152,float,10343000,134.48,10357000,134.30
795869184,198967296,float,10352000,134.54,10362000,134.41
796917760,199229440,float,10367000,134.52,10381000,134.34
797966336,199491584,float,10381000,134.52,10393000,134.36
799014912,199753728,float,10393000,134.54,10407000,134.36
800063488,200015872,float,10412000,134.47,10422000,134.34
801112064,200278016,float,10423000,134.51,10434000,134.36
802160640,200540160,float,10432000,134.57,10446000,134.39
803209216,200802304,float,10447000,134.55,10458000,134.40
804257792,201064448,float,10469000,134.43,10477000,134.33
805306368,201326592,float,10484000,134.42,10494000,134.30
806354944,201588736,float,10562000,133.61,10567000,133.55
807403520,201850880,float,10579000,133.57,10589000,133.44
808452096,202113024,float,10593000,133.56,10606000,133.40
809500672,202375168,float,10612000,133.49,10625000,133.33
810549248,202637312,float,10621000,133.55,10634000,133.39
811597824,202899456,float,10636000,133.54,10644000,133.44
812646400,203161600,float,10648000,133.56,10662000,133.39
813694976,203423744,float,10663000,133.55,10671000,133.44
814743552,203685888,float,10670000,133.63,10679000,133.52
815792128,203948032,float,10690000,133.55,10695000,133.49
816840704,204210176,float,10696000,133.64,10702000,133.57
817889280,204472320,float,10699000,133.78,10711000,133.63
818937856,204734464,float,10711000,133.80,10723000,133.65
819986432,204996608,float,10722000,133.84,10731000,133.72
821035008,205258752,float,10726000,133.96,10739000,133.80
822083584,205520896,float,10737000,133.99,10751000,133.82
823132160,205783040,float,10749000,134.01,10765000,133.81
824180736,206045184,float,10757000,134.08,10768000,133.95
825229312,206307328,float,10775000,134.03,10786000,133.90
826277888,206569472,float,10783000,134.10,10792000,133.98
827326464,206831616,float,10790000,134.19,10802000,134.03
828375040,207093760,float,10805000,134.17,10817000,134.02
829423616,207355904,float,10820000,134.15,10827000,134.06
830472192,207618048,float,10828000,134.22,10839000,134.08
831520768,207880192,float,10846000,134.16,10857000,134.02
832569344,208142336,float,10856000,134.21,10865000,134.09
833617920,208404480,float,10868000,134.23,10878000,134.11
834666496,208666624,float,10879000,134.26,10890000,134.13
835715072,208928768,float,10892000,134.28,10904000,134.12
836763648,209190912,float,10905000,134.28,10915000,134.15
837812224,209453056,float,10924000,134.22,10935000,134.08
838860800,209715200,float,10936000,134.24,10946000,134.11
839909376,209977344,float,10946000,134.29,10955000,134.17
840957952,210239488,float,10960000,134.28,10971000,134.15
842006528,210501632,float,10971000,134.31,10986000,134.13
843055104,210763776,float,10984000,134.32,10996000,134.17
844103680,211025920,float,11007000,134.21,11014000,134.11
845152256,211288064,float,11017000,134.25,11026000,134.14
846200832,211550208,float,11025000,134.31,11038000,134.16
847249408,211812352,float,11036000,134.35,11047000,134.21
848297984,212074496,float,11054000,134.30,11063000,134.19
849346560,212336640,float,11065000,134.33,11078000,134.18
850395136,212598784,float,11085000,134.25,11096000,134.12
851443712,212860928,float,11098000,134.26,11105000,134.17
852492288,213123072,float,11104000,134.35,11118000,134.19
853540864,213385216,float,11116000,134.38,11131000,134.20
854589440,213647360,float,11130000,134.37,11144000,134.20
855638016,213909504,float,11143000,134.38,11154000,134.24
856686592,214171648,float,11164000,134.29,11181000,134.09
857735168,214433792,float,11174000,134.33,11187000,134.18
858783744,214695936,float,11188000,134.33,11197000,134.22
859832320,214958080,float,11201000,134.34,11214000,134.18
860880896,215220224,float,11212000,134.37,11225000,134.22
861929472,215482368,float,11226000,134.36,11237000,134.24
862978048,215744512,float,11245000,134.30,11257000,134.16
864026624,216006656,float,11254000,134.35,11268000,134.19
865075200,216268800,float,11268000,134.36,11277000,134.25
866123776,216530944,float,11279000,134.39,11290000,134.25
867172352,216793088,float,11294000,134.36,11306000,134.22
868220928,217055232,float,11305000,134.40,11318000,134.25
869269504,217317376,float,11325000,134.32,11336000,134.20
870318080,217579520,float,11335000,134.37,11347000,134.22
871366656,217841664,float,11349000,134.37,11358000,134.26
872415232,218103808,float,11362000,134.37,11374000,134.23
873463808,218365952,float,11376000,134.37,11388000,134.22
874512384,218628096,float,11389000,134.38,11401000,134.24
875560960,218890240,float,11407000,134.33,11415000,134.22
876609536,219152384,float,11415000,134.39,11429000,134.22
877658112,219414528,float,11427000,134.41,11440000,134.25
878706688,219676672,float,11440000,134.42,11453000,134.27
879755264,219938816,float,11454000,134.41,11465000,134.29
880803840,220200960,float,11467000,134.42,11479000,134.29
881852416,220463104,float,11486000,134.35,11496000,134.24
882900992,220725248,float,11498000,134.38,11508000,134.26
883949568,220987392,float,11508000,134.42,11521000,134.27
884998144,221249536,float,11524000,134.40,11534000,134.28
886046720,221511680,float,11534000,134.43,11546000,134.29
887095296,221773824,float,11543000,134.49,11561000,134.29
888143872,222035968,float,11569000,134.34,11576000,134.26
889192448,222298112,float,11575000,134.44,11590000,134.27
890241024,222560256,float,11587000,134.46,11601000,134.29
891289600,222822400,float,11604000,134.42,11616000,134.28
892338176,223084544,float,11617000,134.42,11627000,134.31
893386752,223346688,float,11629000,134.45,11639000,134.33
894435328,223608832,float,11647000,134.39,11659000,134.26
895483904,223870976,float,11658000,134.43,11674000,134.24
896532480,224133120,float,11670000,134.44,11679000,134.34
897581056,224395264,float,11686000,134.42,11694000,134.33
898629632,224657408,float,11696000,134.45,11710000,134.29
899678208,224919552,float,11709000,134.46,11724000,134.29
900726784,225181696,float,11726000,134.42,11738000,134.28
901775360,225443840,float,11740000,134.42,11751000,134.29
902823936,225705984,float,11752000,134.44,11760000,134.35
903872512,225968128,float,11762000,134.48,11778000,134.30
904921088,226230272,float,11780000,134.43,11790000,134.31
905969664,226492416,float,11789000,134.49,11798000,134.39
907018240,226754560,float,11809000,134.42,11820000,134.29
908066816,227016704,float,11818000,134.47,11833000,134.30
909115392,227278848,float,11831000,134.47,11842000,134.35
910163968,227540992,float,11844000,134.48,11857000,134.34
911212544,227803136,float,11858000,134.47,11869000,134.35
912261120,228065280,float,11870000,134.49,11883000,134.35
913309696,228327424,float,11890000,134.42,11900000,134.31
914358272,228589568,float,11900000,134.47,11913000,134.32
915406848,228851712,float,11909000,134.52,11922000,134.38
916455424,229113856,float,11924000,134.50,11937000,134.35
917504000,229376000,float,11940000,134.48,11953000,134.33
918552576,229638144,float,11950000,134.51,11962000,134.38
919601152,229900288,float,11969000,134.46,11982000,134.31
920649728,230162432,float,11979000,134.50,11997000,134.30
921698304,230424576,float,11992000,134.51,12002000,134.39
922746880,230686720,float,12006000,134.50,12018000,134.37
923795456,230948864,float,12021000,134.48,12034000,134.34
924844032,231211008,float,12032000,134.52,12045000,134.37
925892608,231473152,float,12049000,134.47,12061000,134.34
926941184,231735296,float,12059000,134.52,12075000,134.34
927989760,231997440,float,12073000,134.51,12087000,134.36
929038336,232259584,float,12089000,134.49,12096000,134.41
930086912,232521728,float,12099000,134.52,12112000,134.39
931135488,232783872,float,12114000,134.51,12127000,134.37
932184064,233046016,float,12130000,134.48,12143000,134.34
933232640,233308160,float,12143000,134.50,12156000,134.35
934281216,233570304,float,12155000,134.52,12164000,134.41
935329792,233832448,float,12167000,134.53,12179000,134.39
936378368,234094592,float,12180000,134.54,12194000,134.38
937426944,234356736,float,12194000,134.53,12205000,134.41
938475520,234618880,float,12212000,134.48,12223000,134.36
939524096,234881024,float,12225000,134.49,12238000,134.35
940572672,235143168,float,12237000,134.51,12248000,134.39
941621248,235405312,float,12250000,134.52,12265000,134.36
942669824,235667456,float,12265000,134.50,12278000,134.36
943718400,235929600,float,12273000,134.57,12288000,134.41
944766976,236191744,float,12293000,134.50,12302000,134.40
945815552,236453888,float,12306000,134.50,12320000,134.35
946864128,236716032,float,12319000,134.51,12328000,134.41
947912704,236978176,float,12330000,134.54,12346000,134.37
948961280,237240320,float,12343000,134.55,12359000,134.37
950009856,237502464,float,12355000,134.56,12368000,134.42
951058432,237764608,float,12373000,134.51,12387000,134.36
952107008,238026752,float,12387000,134.51,12403000,134.33
953155584,238288896,float,12399000,134.53,12408000,134.43
954204160,238551040,float,12410000,134.56,12425000,134.39
955252736,238813184,float,12423000,134.57,12436000,134.43
956301312,239075328,float,12439000,134.54,12452000,134.40
957349888,239337472,float,12451000,134.55,12469000,134.36
958398464,239599616,float,12463000,134.57,12478000,134.42
959447040,239861760,float,12475000,134.59,12489000,134.44
960495616,240123904,float,12493000,134.54,12506000,134.41
961544192,240386048,float,12504000,134.58,12518000,134.42
962592768,240648192,float,12516000,134.59,12530000,134.44
963641344,240910336,float,12533000,134.55,12548000,134.40
964689920,241172480,float,12548000,134.54,12560000,134.41
965738496,241434624,float,12558000,134.58,12572000,134.43
966787072,241696768,float,12572000,134.58,12586000,134.43
967835648,241958912,float,12585000,134.58,12600000,134.42
968884224,242221056,float,12596000,134.61,12613000,134.43
969932800,242483200,float,12615000,134.55,12627000,134.42
970981376,242745344,float,12624000,134.60,12643000,134.40
972029952,243007488,float,12637000,134.60,12651000,134.46
973078528,243269632,float,12654000,134.58,12665000,134.46
974127104,243531776,float,12664000,134.61,12680000,134.44
975175680,243793920,float,12679000,134.60,12693000,134.45
976224256,244056064,float,12697000,134.55,12710000,134.41
977272832,244318208,float,12707000,134.59,12720000,134.45
978321408,244580352,float,12718000,134.61,12731000,134.48
979369984,244842496,float,12734000,134.59,12746000,134.46
980418560,245104640,float,12750000,134.57,12760000,134.46
981467136,245366784,float,12765000,134.55,12778000,134.42
982515712,245628928,float,12777000,134.57,12792000,134.41
983564288,245891072,float,12787000,134.61,12803000,134.44
984612864,246153216,float,12803000,134.59,12813000,134.48
985661440,246415360,float,12815000,134.60,12828000,134.46
986710016,246677504,float,12831000,134.58,12844000,134.44
987758592,246939648,float,12839000,134.63,12854000,134.48
988807168,247201792,float,12857000,134.59,12872000,134.43
989855744,247463936,float,12870000,134.60,12882000,134.47
990904320,247726080,float,12880000,134.63,12896000,134.46
991952896,247988224,float,12896000,134.61,12907000,134.50
993001472,248250368,float,12908000,134.62,12922000,134.48
994050048,248512512,float,12921000,134.64,12934000,134.49
995098624,248774656,float,12938000,134.60,12950000,134.48
996147200,249036800,float,12951000,134.61,12966000,134.45
997195776,249298944,float,12963000,134.62,12976000,134.49
998244352,249561088,float,12978000,134.61,12992000,134.46
999292928,249823232,float,12991000,134.61,13004000,134.48
1000341504,250085376,float,13004000,134.62,13016000,134.50
1001390080,250347520,float,13021000,134.59,13033000,134.46
1002438656,250609664,float,13030000,134.64,13047000,134.46
1003487232,250871808,float,13044000,134.63,13057000,134.49
1004535808,251133952,float,13057000,134.64,13067000,134.53
1005584384,251396096,float,13075000,134.59,13086000,134.47
1006632960,251658240,float,13088000,134.60,13104000,134.43
1007681536,251920384,float,13166000,133.93,13183000,133.77
1008730112,252182528,float,13187000,133.87,13198000,133.75
1009778688,252444672,float,13204000,133.83,13216000,133.71
1010827264,252706816,float,13221000,133.80,13232000,133.69
1011875840,252968960,float,13232000,133.83,13243000,133.72
1012924416,253231104,float,13244000,133.84,13257000,133.71
1013972992,253493248,float,13256000,133.86,13270000,133.72
1015021568,253755392,float,13270000,133.85,13282000,133.74
1016070144,254017536,float,13281000,133.88,13292000,133.77
1017118720,254279680,float,13294000,133.90,13304000,133.79
1018167296,254541824,float,13303000,133.94,13319000,133.78
1019215872,254803968,float,13309000,134.01,13320000,133.91
1020264448,255066112,float,13321000,134.04,13336000,133.89
1021313024,255328256,float,13329000,134.09,13343000,133.95
1022361600,255590400,float,13335000,134.17,13346000,134.06
1023410176,255852544,float,13348000,134.18,13363000,134.03
1024458752,256114688,float,13362000,134.17,13375000,134.04
1025507328,256376832,float,13365000,134.28,13379000,134.14
1026555904,256638976,float,13384000,134.23,13397000,134.10
1027604480,256901120,float,13390000,134.30,13405000,134.15
1028653056,257163264,float,13401000,134.33,13414000,134.20
1029701632,257425408,float,13413000,134.35,13426000,134.22
1030750208,257687552,float,13425000,134.36,13440000,134.21
1031798784,257949696,float,13433000,134.42,13450000,134.25
1032847360,258211840,float,13454000,134.34,13469000,134.20
1033895936,258473984,float,13463000,134.40,13479000,134.23
1034944512,258736128,float,13472000,134.43,13486000,134.29
1035993088,258998272,float,13487000,134.43,13503000,134.27
1037041664,259260416,float,13502000,134.41,13512000,134.31
1038090240,259522560,float,13513000,134.44,13524000,134.33
1039138816,259784704,float,13535000,134.36,13547000,134.24
1040187392,260046848,float,13543000,134.41,13557000,134.27
1041235968,260308992,float,13553000,134.45,13567000,134.31
1042284544,260571136,float,13566000,134.45,13583000,134.29
1043333120,260833280,float,13581000,134.45,13595000,134.31
1044381696,261095424,float,13589000,134.50,13605000,134.34
1045430272,261357568,float,13612000,134.41,13627000,134.26
1046478848,261619712,float,13625000,134.41,13637000,134.29
1047527424,261881856,float,13637000,134.43,13649000,134.31
1048576000,262144000,float,13644000,134.49,13660000,134.33
1049624576,262406144,float,13660000,134.47,13676000,134.31
1050673152,262668288,float,13674000,134.46,13682000,134.39
1051721728,262930432,float,13693000,134.41,13706000,134.29
1052770304,263192576,float,13707000,134.41,13718000,134.31
1053818880,263454720,float,13709000,134.52,13727000,134.34
1054867456,263716864,float,13725000,134.50,13742000,134.33
1055916032,263979008,float,13741000,134.47,13755000,134.34
1056964608,264241152,float,13754000,134.48,13765000,134.37
1058013184,264503296,float,13770000,134.46,13786000,134.31
1059061760,264765440,float,13781000,134.48,13797000,134.33
1060110336,265027584,float,13790000,134.53,13807000,134.36
1061158912,265289728,float,13807000,134.50,13823000,134.35
1062207488,265551872,float,13819000,134.52,13836000,134.35
1063256064,265814016,float,13838000,134.46,13846000,134.38
1064304640,266076160,float,13855000,134.43,13868000,134.31
1065353216,266338304,float,13865000,134.47,13874000,134.37
1066401792,266600448,float,13874000,134.51,13887000,134.39
1067450368,266862592,float,13887000,134.52,13903000,134.36
1068498944,267124736,float,13901000,134.51,13917000,134.36
1069547520,267386880,float,13914000,134.52,13926000,134.41
1070596096,267649024,float,13930000,134.49,13949000,134.31
1071644672,267911168,float,13944000,134.49,13959000,134.35
1072693248,268173312,float,13951000,134.56,13970000,134.37
1073741824,268435456,float,13969000,134.51,13983000,134.38
