size(B),count,type,time(ns),busbw(GB/s),time(ns),busbw(GB/s)
1048576,262144,float,90870,18.46,92630,18.11
2097152,524288,float,129000,26.01,126900,26.45
3145728,786432,float,173300,29.04,171000,29.44
4194304,1048576,float,220800,30.39,219300,30.60
5242880,1310720,float,256000,32.76,253100,33.15
6291456,1572864,float,305100,33.00,305900,32.91
7340032,1835008,float,355200,33.07,355300,33.05
8388608,2097152,float,404000,33.22,403000,33.30
9437184,2359296,float,450200,33.54,452100,33.40
10485760,2621440,float,486500,34.49,485600,34.55
11534336,2883584,float,533200,34.61,531600,34.72
12582912,3145728,float,582400,34.57,581800,34.60
13631488,3407872,float,628900,34.68,626300,34.82
14680064,3670016,float,677100,34.69,677900,34.65
15728640,3932160,float,711700,35.36,712300,35.33
16777216,4194304,float,759400,35.35,759100,35.36
17825792,4456448,float,809700,35.22,809100,35.25
18874368,4718592,float,855800,35.29,855000,35.32
19922944,4980736,float,904900,35.22,904200,35.25
20971520,5242880,float,942600,35.60,943900,35.55
22020096,5505024,float,988800,35.63,987100,35.69
23068672,5767168,float,1036700,35.60,1036099,35.62
24117248,6029312,float,1084000,35.60,1083800,35.60
25165824,6291456,float,1133900,35.51,1132600,35.55
26214400,6553600,float,1168800,35.89,1170500,35.83
27262976,6815744,float,1214800,35.91,1214200,35.93
28311552,7077888,float,1264500,35.82,1265000,35.81
29360128,7340032,float,1308400,35.90,1308200,35.91
30408704,7602176,float,1360200,35.77,1364900,35.65
31457280,7864320,float,1396900,36.03,1397600,36.01
32505856,8126464,float,1441700,36.08,1441400,36.08
33554432,8388608,float,1493100,35.96,1494300,35.93
34603008,8650752,float,1538700,35.98,1539700,35.96
35651584,8912896,float,1589800,35.88,1591200,35.85
36700160,9175040,float,1625900,36.11,1625200,36.13
37748736,9437184,float,1671300,36.14,1671500,36.13
38797312,9699328,float,1720400,36.08,1719400,36.10
39845888,9961472,float,1763100,36.16,1765700,36.11
40894464,10223616,float,1817400,36.00,1818000,35.99
41943040,10485760,float,1855200,36.17,1851600,36.24
42991616,10747904,float,1921200,35.80,1925100,35.73
44040192,11010048,float,1960800,35.94,1958600,35.98
45088768,11272192,float,1995500,36.15,2002000,36.03
46137344,11534336,float,2043500,36.12,2044800,36.10
47185920,11796480,float,2082699,36.25,2081300,36.27
48234496,12058624,float,2132000,36.20,2126200,36.30
49283072,12320768,float,2181500,36.15,2174500,36.26
50331648,12582912,float,2225400,36.19,2229400,36.12
51380224,12845056,float,2274000,36.15,2269900,36.22
52428800,13107200,float,2307400,36.36,2307600,36.35
53477376,13369344,float,2353300,36.36,2354100,36.35
54525952,13631488,float,2399700,36.36,2404200,36.29
55574528,13893632,float,2449100,36.31,2442800,36.40
56623104,14155776,float,2493400,36.33,2491200,36.37
57671680,14417920,float,2532600,36.43,2539100,36.34
58720256,14680064,float,2576400,36.47,2579700,36.42
59768832,14942208,float,2627200,36.40,2634500,36.30
60817408,15204352,float,2670500,36.44,2674100,36.39
61865984,15466496,float,2722100,36.36,2724600,36.33
62914560,15728640,float,2762300,36.44,2765400,36.40
63963136,15990784,float,2811100,36.41,2808200,36.44
65011712,16252928,float,2856700,36.41,2860300,36.37
66060288,16515072,float,2908000,36.35,2904300,36.39
67108864,16777216,float,2953300,36.36,2948900,36.41
68157440,17039360,float,2993600,36.43,2989700,36.48
69206016,17301504,float,3032600,36.51,3037100,36.46
70254592,17563648,float,3084800,36.44,3085000,36.44
71303168,17825792,float,3129200,36.46,3132900,36.41
72351744,18087936,float,3172000,36.50,3178700,36.42
73400320,18350080,float,3214000,36.54,3220500,36.47
74448896,18612224,float,3261200,36.53,3265200,36.48
75497472,18874368,float,3308300,36.51,3311600,36.48
76546048,19136512,float,3359800,36.45,3357000,36.48
77594624,19398656,float,3402700,36.49,3410000,36.41
78643200,19660800,float,3448000,36.49,3442800,36.55
79691776,19922944,float,3491200,36.52,3490900,36.53
80740352,20185088,float,3545700,36.43,3541900,36.47
81788928,20447232,float,3580400,36.55,3586300,36.49
82837504,20709376,float,3637400,36.44,3638600,36.43
83886080,20971520,float,3677600,36.50,3676900,36.50
84934656,21233664,float,3750100,36.24,3741600,36.32
85983232,21495808,float,3778700,36.41,3785700,36.34
87031808,21757952,float,3825000,36.41,3819100,36.46
88080384,22020096,float,3855400,36.55,3872400,36.39
89128960,22282240,float,3903100,36.54,3899600,36.57
90177536,22544384,float,3945300,36.57,3944500,36.58
91226112,22806528,float,3997700,36.51,3993300,36.55
92274688,23068672,float,4038900,36.55,4043800,36.51
93323264,23330816,float,4093100,36.48,4085200,36.55
94371840,23592960,float,4117899,36.67,4119800,36.65
95420416,23855104,float,4176800,36.55,4172700,36.59
96468992,24117248,float,4218000,36.59,4214900,36.62
97517568,24379392,float,4266400,36.57,4264300,36.59
98566144,24641536,float,4311700,36.58,4313000,36.56
99614720,24903680,float,4346100,36.67,4353300,36.61
100663296,25165824,float,4400700,36.60,4406700,36.55
101711872,25427968,float,4445500,36.61,4438700,36.66
102760448,25690112,float,4494600,36.58,4490600,36.61
103809024,25952256,float,4536400,36.61,4545700,36.54
104857600,26214400,float,4580900,36.62,4577700,36.65
105906176,26476544,float,4617200,36.70,4626700,36.62
106954752,26738688,float,4674900,36.61,4673300,36.62
108003328,27000832,float,4720700,36.61,4728300,36.55
109051904,27262976,float,4768000,36.59,4764400,36.62
110100480,27525120,float,4808700,36.63,4807700,36.64
111149056,27787264,float,4866700,36.54,4854900,36.63
112197632,28049408,float,4902900,36.61,4900600,36.63
113246208,28311552,float,4945100,36.64,4936600,36.70
114294784,28573696,float,4996000,36.60,4999400,36.58
115343360,28835840,float,5025700,36.72,5045200,36.58
116391936,29097984,float,5074600,36.70,5080100,36.66
117440512,29360128,float,5131900,36.62,5137300,36.58
118489088,29622272,float,5167800,36.69,5176000,36.63
119537664,29884416,float,5217900,36.65,5222700,36.62
120586240,30146560,float,5259200,36.69,5255400,36.71
121634816,30408704,float,5300200,36.72,5306700,36.67
122683392,30670848,float,5354900,36.66,5357500,36.64
123731968,30932992,float,5400100,36.66,5406700,36.62
124780544,31195136,float,5449000,36.64,5457800,36.58
125829120,31457280,float,5494300,36.64,5496200,36.63
126877696,31719424,float,5560100,36.51,5559800,36.51
127926272,31981568,float,5597600,36.57,5602700,36.53
128974848,32243712,float,5636900,36.61,5635400,36.62
130023424,32505856,float,5681600,36.62,5681900,36.61
131072000,32768000,float,5719700,36.67,5720700,36.66
132120576,33030144,float,5775600,36.60,5762900,36.68
133169152,33292288,float,5810500,36.67,5810100,36.67
134217728,33554432,float,5855800,36.67,5859100,36.65
135266304,33816576,float,5908700,36.63,5904700,36.65
136314880,34078720,float,5930100,36.78,5941200,36.71
137363456,34340864,float,5982200,36.74,5987100,36.71
138412032,34603008,float,6036000,36.69,6035600,36.69
139460608,34865152,float,6083900,36.68,6079500,36.70
140509184,35127296,float,6121200,36.73,6125600,36.70
141557760,35389440,float,6158900,36.77,6162400,36.75
142606336,35651584,float,6215600,36.71,6206300,36.76
143654912,35913728,float,6259500,36.72,6248100,36.79
144703488,36175872,float,6291200,36.80,6297900,36.76
145752064,36438016,float,6356100,36.69,6361400,36.66
146800640,36700160,float,6390000,36.76,6398400,36.71
147849216,36962304,float,6430800,36.79,6445900,36.70
148897792,37224448,float,6502600,36.64,6490800,36.70
149946368,37486592,float,6523800,36.78,6529100,36.75
150994944,37748736,float,6579700,36.72,6592600,36.65
152043520,38010880,float,6624900,36.72,6624400,36.72
153092096,38273024,float,6664700,36.75,6669500,36.73
154140672,38535168,float,6726400,36.67,6723600,36.68
155189248,38797312,float,6759100,36.74,6762000,36.72
156237824,39059456,float,6800900,36.76,6804500,36.74
157286400,39321600,float,6847800,36.75,6842300,36.78
158334976,39583744,float,6892700,36.75,6882000,36.81
159383552,39845888,float,6936800,36.76,6944500,36.72
160432128,40108032,float,6983200,36.76,6982600,36.76
161480704,40370176,float,7049700,36.65,7031100,36.75
162529280,40632320,float,7069100,36.79,7072100,36.77
163577856,40894464,float,7116600,36.78,7128000,36.72
164626432,41156608,float,7177000,36.70,7175600,36.71
165675008,41418752,float,7216900,36.73,7218000,36.73
166723584,41680896,float,7268700,36.70,7273700,36.67
167772160,41943040,float,7304400,36.75,7307200,36.74
168820736,42205184,float,7380700,36.60,7373000,36.64
169869312,42467328,float,7398300,36.74,7409600,36.68
170917888,42729472,float,7450900,36.70,7446600,36.72
171966464,42991616,float,7480600,36.78,7492500,36.72
173015040,43253760,float,7525300,36.79,7532600,36.75
174063616,43515904,float,7569900,36.79,7571200,36.78
175112192,43778048,float,7604900,36.84,7622800,36.76
176160768,44040192,float,7661000,36.79,7661400,36.79
177209344,44302336,float,7713500,36.76,7715500,36.75
178257920,44564480,float,7744800,36.83,7743500,36.83
179306496,44826624,float,7795500,36.80,7806700,36.75
180355072,45088768,float,7845600,36.78,7831700,36.85
181403648,45350912,float,7892000,36.78,7880100,36.83
182452224,45613056,float,7932800,36.80,7918800,36.86
183500800,45875200,float,7968000,36.85,7966200,36.86
184549376,46137344,float,8016100,36.84,8030900,36.77
185597952,46399488,float,8080500,36.75,8062600,36.83
186646528,46661632,float,8112100,36.81,8118500,36.78
187695104,46923776,float,8165900,36.78,8150900,36.84
188743680,47185920,float,8196900,36.84,8203799,36.81
189792256,47448064,float,8257799,36.77,8246299,36.82
190840832,47710208,float,8296000,36.81,8299400,36.79
191889408,47972352,float,8348700,36.77,8345299,36.79
192937984,48234496,float,8390300,36.79,8394000,36.78
193986560,48496640,float,8426800,36.83,8436200,36.79
195035136,48758784,float,8475800,36.82,8473900,36.83
196083712,49020928,float,8516900,36.84,8528200,36.79
197132288,49283072,float,8568100,36.81,8566900,36.82
198180864,49545216,float,8625500,36.76,8613100,36.81
199229440,49807360,float,8656500,36.82,8661400,36.80
200278016,50069504,float,8702700,36.82,8704700,36.81
201326592,50331648,float,8747500,36.82,8761000,36.77
202375168,50593792,float,8794600,36.82,8806000,36.77
203423744,50855936,float,8850900,36.77,8854400,36.76
204472320,51118080,float,8878200,36.85,8894300,36.78
205520896,51380224,float,8926800,36.84,8933600,36.81
206569472,51642368,float,8978100,36.81,8994600,36.75
207618048,51904512,float,9020100,36.83,9021700,36.82
208666624,52166656,float,9083500,36.76,9084400,36.75
209715200,52428800,float,9123200,36.78,9120900,36.79
210763776,52690944,float,9186200,36.71,9188500,36.70
211812352,52953088,float,9220200,36.76,9221500,36.75
212860928,53215232,float,9244400,36.84,9250400,36.82
213909504,53477376,float,9299500,36.80,9306700,36.78
214958080,53739520,float,9333600,36.85,9337500,36.83
216006656,54001664,float,9379500,36.85,9384600,36.83
217055232,54263808,float,9424500,36.85,9428400,36.83
218103808,54525952,float,9470700,36.85,9471700,36.84
219152384,54788096,float,9511900,36.86,9528000,36.80
220200960,55050240,float,9547000,36.90,9567300,36.83
221249536,55312384,float,9607900,36.84,9589800,36.91
222298112,55574528,float,9657000,36.83,9668500,36.79
223346688,55836672,float,9683700,36.90,9695200,36.86
224395264,56098816,float,9747400,36.83,9759600,36.79
225443840,56360960,float,9789000,36.85,9789200,36.85
226492416,56623104,float,9830200,36.86,9824200,36.89
227540992,56885248,float,9868000,36.89,9884600,36.83
228589568,57147392,float,9928300,36.84,9942300,36.79
229638144,57409536,float,9973600,36.84,9969700,36.85
230686720,57671680,float,10012000,36.87,10010000,36.87
231735296,57933824,float,10057000,36.87,10048000,36.90
232783872,58195968,float,10109000,36.84,10122000,36.79
233832448,58458112,float,10151000,36.86,10153000,36.85
234881024,58720256,float,10187000,36.89,10208000,36.81
235929600,58982400,float,10228000,36.91,10231000,36.90
236978176,59244544,float,10283000,36.87,10297000,36.82
238026752,59506688,float,10324000,36.89,10333000,36.86
239075328,59768832,float,10380000,36.85,10388000,36.82
240123904,60030976,float,10438000,36.81,10424000,36.86
241172480,60293120,float,10471000,36.85,10461000,36.89
242221056,60555264,float,10494000,36.93,10506000,36.89
243269632,60817408,float,10557000,36.87,10563000,36.85
244318208,61079552,float,10619000,36.81,10604000,36.87
245366784,61341696,float,10639000,36.90,10646000,36.88
246415360,61603840,float,10692000,36.87,10694000,36.87
247463936,61865984,float,10750000,36.83,10733000,36.89
248512512,62128128,float,10772000,36.91,10791000,36.85
249561088,62390272,float,10823000,36.89,10823000,36.89
250609664,62652416,float,10892000,36.81,10895000,36.80
251658240,62914560,float,10922000,36.86,10916000,36.89
252706816,63176704,float,10984000,36.81,10987000,36.80
253755392,63438848,float,11026000,36.82,11023000,36.83
254803968,63700992,float,11074000,36.81,11063000,36.85
255852544,63963136,float,11096000,36.89,11097000,36.89
256901120,64225280,float,11166000,36.81,11151000,36.86
257949696,64487424,float,11188000,36.89,11195000,36.86
258998272,64749568,float,11231000,36.90,11231000,36.90
260046848,65011712,float,11286000,36.87,11276000,36.90
261095424,65273856,float,11329000,36.87,11313000,36.93
262144000,65536000,float,11367000,36.90,11355000,36.94
263192576,65798144,float,11412000,36.90,11415000,36.89
264241152,66060288,float,11458000,36.90,11450000,36.92
265289728,66322432,float,11479000,36.98,11502000,36.90
266338304,66584576,float,11561000,36.86,11552000,36.89
267386880,66846720,float,11574000,36.96,11606000,36.86
268435456,67108864,float,11647000,36.88,11645000,36.88
269484032,67371008,float,11692000,36.88,11674000,36.93
270532608,67633152,float,11719000,36.94,11742000,36.86
271581184,67895296,float,11784000,36.88,11766000,36.93
272629760,68157440,float,11820000,36.91,11813000,36.93
273678336,68419584,float,11885000,36.84,11862000,36.91
274726912,68681728,float,11918000,36.88,11912000,36.90
275775488,68943872,float,11942000,36.95,11949000,36.93
276824064,69206016,float,12005000,36.90,12007000,36.89
277872640,69468160,float,12050000,36.90,12019000,36.99
278921216,69730304,float,12096000,36.89,12087000,36.92
279969792,69992448,float,12132000,36.92,12152000,36.86
281018368,70254592,float,12179000,36.92,12183000,36.91
282066944,70516736,float,12264000,36.80,12225000,36.92
283115520,70778880,float,12262000,36.94,12275000,36.90
284164096,71041024,float,12307000,36.94,12315000,36.92
285212672,71303168,float,12370000,36.89,12373000,36.88
286261248,71565312,float,12418000,36.88,12397000,36.95
287309824,71827456,float,12454000,36.91,12469000,36.87
288358400,72089600,float,12472000,36.99,12505000,36.90
289406976,72351744,float,12542000,36.92,12552000,36.89
290455552,72613888,float,12610000,36.85,12596000,36.89
291504128,72876032,float,12637000,36.91,12628000,36.94
292552704,73138176,float,12681000,36.91,12687000,36.90
293601280,73400320,float,12711000,36.96,12738000,36.88
294649856,73662464,float,12779000,36.89,12796000,36.84
295698432,73924608,float,12835000,36.86,12831000,36.87
296747008,74186752,float,12857000,36.93,12847000,36.96
297795584,74448896,float,12915000,36.89,12894000,36.95
298844160,74711040,float,12939000,36.95,12946000,36.93
299892736,74973184,float,12983000,36.96,12989000,36.94
300941312,75235328,float,13029000,36.96,13046000,36.91
301989888,75497472,float,13069000,36.97,13068000,36.97
303038464,75759616,float,13125000,36.94,13117000,36.96
304087040,76021760,float,13169000,36.94,13183000,36.91
305135616,76283904,float,13205000,36.97,13218000,36.94
306184192,76546048,float,13264000,36.94,13245000,36.99
307232768,76808192,float,13289000,36.99,13315000,36.92
308281344,77070336,float,13353000,36.94,13337000,36.98
309329920,77332480,float,13375000,37.00,13403000,36.93
310378496,77594624,float,13446000,36.93,13468000,36.87
311427072,77856768,float,13468000,37.00,13471000,36.99
312475648,78118912,float,13521000,36.98,13560000,36.87
313524224,78381056,float,13571000,36.96,13566000,36.98
314572800,78643200,float,13617000,36.96,13607000,36.99
315621376,78905344,float,13650000,37.00,13659000,36.97
316669952,79167488,float,13696000,36.99,13723000,36.92
317718528,79429632,float,13770000,36.92,13766000,36.93
318767104,79691776,float,13819000,36.91,13843000,36.85
319815680,79953920,float,13856000,36.93,13832000,36.99
320864256,80216064,float,13889000,36.96,13906000,36.92
321912832,80478208,float,13931000,36.97,13961000,36.89
322961408,80740352,float,13999000,36.91,14000000,36.91
324009984,81002496,float,14041000,36.92,14044000,36.91
325058560,81264640,float,14046000,37.03,14078000,36.94
326107136,81526784,float,14107000,36.99,14122000,36.95
327155712,81788928,float,14179000,36.92,14182000,36.91
328204288,82051072,float,14215000,36.94,14221000,36.93
329252864,82313216,float,14273000,36.91,14255000,36.95
330301440,82575360,float,14308000,36.94,14293000,36.97
331350016,82837504,float,14358000,36.92,14347000,36.95
332398592,83099648,float,14401000,36.93,14400000,36.93
333447168,83361792,float,14425000,36.99,14443000,36.94
334495744,83623936,float,14496000,36.92,14491000,36.93
335544320,83886080,float,14548000,36.90,14530000,36.95
336592896,84148224,float,14593000,36.90,14600000,36.89
337641472,84410368,float,14652000,36.87,14629000,36.93
338690048,84672512,float,14672000,36.93,14688000,36.89
339738624,84934656,float,14732000,36.90,14726000,36.91
340787200,85196800,float,14735000,37.00,14748000,36.97
341835776,85458944,float,14785000,36.99,14807000,36.94
342884352,85721088,float,14842000,36.96,14843000,36.96
343932928,85983232,float,14887000,36.97,14864000,37.02
344981504,86245376,float,14944000,36.94,14944000,36.94
346030080,86507520,float,14972000,36.98,14972000,36.98
347078656,86769664,float,15019000,36.97,15025000,36.96
348127232,87031808,float,15049000,37.01,15090000,36.91
349175808,87293952,float,15094000,37.01,15128000,36.93
350224384,87556096,float,15150000,36.99,15176000,36.92
351272960,87818240,float,15201000,36.97,15194000,36.99
352321536,88080384,float,15235000,37.00,15250000,36.97
353370112,88342528,float,15293000,36.97,15272000,37.02
354418688,88604672,float,15314000,37.03,15335000,36.98
355467264,88866816,float,15372000,37.00,15370000,37.00
356515840,89128960,float,15430000,36.97,15440000,36.95
357564416,89391104,float,15485000,36.95,15455000,37.02
358612992,89653248,float,15538000,36.93,15537000,36.93
359661568,89915392,float,15567000,36.97,15568000,36.96
360710144,90177536,float,15602000,36.99,15623000,36.94
361758720,90439680,float,15640000,37.01,15639000,37.01
362807296,90701824,float,15672000,37.04,15684000,37.01
363855872,90963968,float,15749000,36.97,15748000,36.97
364904448,91226112,float,15786000,36.98,15790000,36.97
365953024,91488256,float,15823000,37.00,15850000,36.94
367001600,91750400,float,15873000,36.99,15872000,37.00
368050176,92012544,float,15908000,37.02,15917000,37.00
369098752,92274688,float,15950000,37.03,15967000,36.99
370147328,92536832,float,16015000,36.98,16022000,36.96
371195904,92798976,float,16066000,36.97,16036000,37.04
372244480,93061120,float,16098000,37.00,16126000,36.93
373293056,93323264,float,16145000,36.99,16141000,37.00
374341632,93585408,float,16181000,37.02,16191000,36.99
375390208,93847552,float,16255000,36.95,16222000,37.02
376438784,94109696,float,16286000,36.98,16297000,36.96
377487360,94371840,float,16331000,36.98,16331000,36.98
378535936,94633984,float,16400000,36.93,16417000,36.89
379584512,94896128,float,16441000,36.94,16449000,36.92
380633088,95158272,float,16464000,36.99,16445000,37.03
381681664,95420416,float,16505000,37.00,16539000,36.92
382730240,95682560,float,16539000,37.03,16533000,37.04
383778816,95944704,float,16614000,36.96,16622000,36.94
384827392,96206848,float,16669000,36.94,16650000,36.98
385875968,96468992,float,16683000,37.01,16686000,37.00
386924544,96731136,float,16746000,36.97,16733000,37.00
387973120,96993280,float,16800000,36.95,16766000,37.03
389021696,97255424,float,16806000,37.04,16811000,37.03
390070272,97517568,float,16869000,37.00,16878000,36.98
391118848,97779712,float,16922000,36.98,16909000,37.01
392167424,98041856,float,16973000,36.97,16946000,37.03
393216000,98304000,float,16971000,37.07,17009000,36.99
394264576,98566144,float,17032000,37.04,17046000,37.01
395313152,98828288,float,17089000,37.01,17089000,37.01
396361728,99090432,float,17129000,37.02,17151000,36.98
397410304,99352576,float,17201000,36.97,17175000,37.02
398458880,99614720,float,17217000,37.03,17203000,37.06
399507456,99876864,float,17244000,37.07,17262000,37.03
400556032,100139008,float,17330000,36.98,17297000,37.05
401604608,100401152,float,17357000,37.02,17375000,36.98
402653184,100663296,float,17412000,37.00,17423000,36.98
403701760,100925440,float,17459000,37.00,17446000,37.02
404750336,101187584,float,17524000,36.95,17501000,37.00
405798912,101449728,float,17532000,37.03,17530000,37.04
406847488,101711872,float,17585000,37.02,17565000,37.06
407896064,101974016,float,17631000,37.02,17641000,37.00
408944640,102236160,float,17674000,37.02,17675000,37.02
409993216,102498304,float,17702000,37.06,17721000,37.02
411041792,102760448,float,17813000,36.92,17789000,36.97
412090368,103022592,float,17819000,37.00,17845000,36.95
413138944,103284736,float,17843000,37.05,17882000,36.97
414187520,103546880,float,17902000,37.02,17896000,37.03
415236096,103809024,float,17946000,37.02,17954000,37.01
416284672,104071168,float,18008000,36.99,18021000,36.96
417333248,104333312,float,18064000,36.96,18033000,37.03
418381824,104595456,float,18093000,37.00,18123000,36.94
419430400,104857600,float,18142000,36.99,18164000,36.95
420478976,105119744,float,18201000,36.96,18190000,36.99
421527552,105381888,float,18262000,36.93,18254000,36.95
422576128,105644032,float,18260000,37.03,18295000,36.96
423624704,105906176,float,18347000,36.94,18307000,37.02
424673280,106168320,float,18345000,37.04,18372000,36.98
425721856,106430464,float,18388000,37.04,18397000,37.03
426770432,106692608,float,18469000,36.97,18419000,37.07
427819008,106954752,float,18479000,37.04,18504000,36.99
428867584,107216896,float,18537000,37.02,18560000,36.97
429916160,107479040,float,18556000,37.07,18592000,37.00
430964736,107741184,float,18621000,37.03,18600000,37.07
432013312,108003328,float,18665000,37.03,18667000,37.03
433061888,108265472,float,18710000,37.03,18715000,37.02
434110464,108527616,float,18788000,36.97,18764000,37.02
435159040,108789760,float,18791000,37.05,18815000,37.00
436207616,109051904,float,18827000,37.07,18840000,37.05
437256192,109314048,float,18915000,36.99,18898000,37.02
438304768,109576192,float,18922000,37.06,18951000,37.01
439353344,109838336,float,18987000,37.02,19023000,36.95
440401920,110100480,float,19027000,37.03,19051000,36.99
441450496,110362624,float,19043000,37.09,19023000,37.13
442499072,110624768,float,19095000,37.08,19138000,36.99
443547648,110886912,float,19165000,37.03,19189000,36.98
444596224,111149056,float,19212000,37.03,19235000,36.98
445644800,111411200,float,19256000,37.03,19256000,37.03
446693376,111673344,float,19295000,37.04,19310000,37.01
447741952,111935488,float,19351000,37.02,19345000,37.03
448790528,112197632,float,19413000,36.99,19418000,36.98
449839104,112459776,float,19421000,37.06,19459000,36.99
450887680,112721920,float,19494000,37.01,19484000,37.03
451936256,112984064,float,19512000,37.06,19520000,37.04
452984832,113246208,float,19575000,37.03,19590000,37.00
454033408,113508352,float,19624000,37.02,19620000,37.03
455081984,113770496,float,19625000,37.10,19652000,37.05
456130560,114032640,float,19720000,37.01,19725000,37.00
457179136,114294784,float,19742000,37.05,19741000,37.05
458227712,114556928,float,19807000,37.02,19815000,37.00
459276288,114819072,float,19874000,36.98,19870000,36.98
460324864,115081216,float,19911000,36.99,19895000,37.02
461373440,115343360,float,19971000,36.96,19963000,36.98
462422016,115605504,float,20007000,36.98,20013000,36.97
463470592,115867648,float,20019000,37.04,20037000,37.01
464519168,116129792,float,20034000,37.10,20079000,37.01
465567744,116391936,float,20095000,37.07,20110000,37.04
466616320,116654080,float,20171000,37.01,20151000,37.05
467664896,116916224,float,20203000,37.04,20209000,37.03
468713472,117178368,float,20255000,37.02,20278000,36.98
469762048,117440512,float,20281000,37.06,20300000,37.03
470810624,117702656,float,20358000,37.00,20333000,37.05
471859200,117964800,float,20388000,37.03,20401000,37.01
472907776,118226944,float,20401000,37.09,20426000,37.04
473956352,118489088,float,20447000,37.09,20452000,37.08
475004928,118751232,float,20500000,37.07,20537000,37.01
476053504,119013376,float,20570000,37.03,20557000,37.05
477102080,119275520,float,20594000,37.07,20589000,37.08
478150656,119537664,float,20622000,37.10,20660000,37.03
479199232,119799808,float,20681000,37.07,20676000,37.08
480247808,120061952,float,20741000,37.05,20750000,37.03
481296384,120324096,float,20778000,37.06,20791000,37.04
482344960,120586240,float,20862000,36.99,20812000,37.08
483393536,120848384,float,20853000,37.09,20819000,37.15
484442112,121110528,float,20924000,37.04,20903000,37.08
485490688,121372672,float,20970000,37.04,20947000,37.08
486539264,121634816,float,21011000,37.05,21019000,37.04
487587840,121896960,float,21063000,37.04,21053000,37.06
488636416,122159104,float,21132000,37.00,21123000,37.01
489684992,122421248,float,21132000,37.08,21158000,37.03
490733568,122683392,float,21178000,37.07,21172000,37.08
491782144,122945536,float,21223000,37.08,21300000,36.94
492830720,123207680,float,21276000,37.06,21290000,37.04
493879296,123469824,float,21334000,37.04,21307000,37.09
494927872,123731968,float,21389000,37.02,21370000,37.06
495976448,123994112,float,21420000,37.05,21392000,37.10
497025024,124256256,float,21501000,36.99,21493000,37.00
498073600,124518400,float,21464000,37.13,21473000,37.11
499122176,124780544,float,21583000,37.00,21544000,37.07
500170752,125042688,float,21593000,37.06,21608000,37.04
501219328,125304832,float,21635000,37.07,21646000,37.05
502267904,125566976,float,21701000,37.03,21677000,37.07
503316480,125829120,float,21749000,37.03,21750000,37.03
504365056,126091264,float,21814000,36.99,21832000,36.96
505413632,126353408,float,21832000,37.04,21815000,37.07
506462208,126615552,float,21849000,37.09,21879000,37.04
507510784,126877696,float,21931000,37.03,21894000,37.09
508559360,127139840,float,21980000,37.02,21937000,37.09
509607936,127401984,float,21958000,37.13,22004000,37.06
510656512,127664128,float,22059000,37.04,22030000,37.09
511705088,127926272,float,22119000,37.02,22116000,37.02
512753664,128188416,float,22161000,37.02,22128000,37.08
513802240,128450560,float,22194000,37.04,22184000,37.06
514850816,128712704,float,22173000,37.15,22224000,37.07
515899392,128974848,float,22281000,37.05,22269000,37.07
516947968,129236992,float,22329000,37.04,22320000,37.06
517996544,129499136,float,22351000,37.08,22395000,37.01
519045120,129761280,float,22360000,37.14,22383000,37.10
520093696,130023424,float,22441000,37.08,22445000,37.08
521142272,130285568,float,22487000,37.08,22492000,37.07
522190848,130547712,float,22509000,37.12,22540000,37.07
523239424,130809856,float,22556000,37.12,22598000,37.05
524288000,131072000,float,22628000,37.07,22666000,37.01
525336576,131334144,float,22686000,37.05,22678000,37.06
526385152,131596288,float,22734000,37.05,22705000,37.09
527433728,131858432,float,22760000,37.08,22792000,37.03
528482304,132120576,float,22806000,37.08,22806000,37.08
529530880,132382720,float,22860000,37.06,22886000,37.02
530579456,132644864,float,22891000,37.09,22885000,37.10
531628032,132907008,float,22914000,37.12,22960000,37.05
532676608,133169152,float,22962000,37.12,22998000,37.06
533725184,133431296,float,23041000,37.06,23041000,37.06
534773760,133693440,float,23074000,37.08,23077000,37.08
535822336,133955584,float,23123000,37.08,23123000,37.08
536870912,134217728,float,23140000,37.12,23212000,37.01
537919488,134479872,float,23204000,37.09,23212000,37.08
538968064,134742016,float,23281000,37.04,23293000,37.02
540016640,135004160,float,23266000,37.14,23307000,37.07
541065216,135266304,float,23375000,37.04,23352000,37.07
542113792,135528448,float,23389000,37.08,23396000,37.07
543162368,135790592,float,23433000,37.09,23458000,37.05
544210944,136052736,float,23517000,37.03,23528000,37.01
545259520,136314880,float,23561000,37.03,23554000,37.04
546308096,136577024,float,23641000,36.97,23608000,37.03
547356672,136839168,float,23614000,37.09,23659000,37.02
548405248,137101312,float,23684000,37.05,23675000,37.06
549453824,137363456,float,23687000,37.11,23748000,37.02
550502400,137625600,float,23746000,37.09,23764000,37.07
551550976,137887744,float,23778000,37.11,23806000,37.07
552599552,138149888,float,23847000,37.08,23865000,37.05
553648128,138412032,float,23905000,37.06,23928000,37.02
554696704,138674176,float,23879000,37.17,23932000,37.09
555745280,138936320,float,23986000,37.07,23962000,37.11
556793856,139198464,float,24009000,37.11,24007000,37.11
557842432,139460608,float,24059000,37.10,24073000,37.08
558891008,139722752,float,24152000,37.02,24104000,37.10
559939584,139984896,float,24149000,37.10,24172000,37.06
560988160,140247040,float,24208000,37.08,24214000,37.07
562036736,140509184,float,24232000,37.11,24228000,37.12
563085312,140771328,float,24314000,37.05,24340000,37.01
564133888,141033472,float,24348000,37.07,24339000,37.08
565182464,141295616,float,24377000,37.10,24406000,37.05
566231040,141557760,float,24425000,37.09,24447000,37.06
567279616,141819904,float,24451000,37.12,24480000,37.08
568328192,142082048,float,24501000,37.11,24504000,37.11
569376768,142344192,float,24542000,37.12,24598000,37.04
570425344,142606336,float,24637000,37.05,24601000,37.10
571473920,142868480,float,24682000,37.05,24687000,37.04
572522496,143130624,float,24712000,37.07,24727000,37.05
573571072,143392768,float,24740000,37.09,24749000,37.08
574619648,143654912,float,24836000,37.02,24788000,37.09
575668224,143917056,float,24848000,37.07,24810000,37.12
576716800,144179200,float,24885000,37.08,24893000,37.07
577765376,144441344,float,24925000,37.09,24950000,37.05
578813952,144703488,float,24954000,37.11,24985000,37.07
579862528,144965632,float,25027000,37.07,25043000,37.05
580911104,145227776,float,25088000,37.05,25054000,37.10
581959680,145489920,float,25104000,37.09,25106000,37.09
583008256,145752064,float,25138000,37.11,25123000,37.13
584056832,146014208,float,25216000,37.06,25203000,37.08
585105408,146276352,float,25249000,37.08,25249000,37.08
586153984,146538496,float,25299000,37.07,25304000,37.06
587202560,146800640,float,25325000,37.10,25384000,37.01
588251136,147062784,float,25422000,37.02,25419000,37.03
589299712,147324928,float,25390000,37.14,25474000,37.01
590348288,147587072,float,25489000,37.06,25482000,37.07
591396864,147849216,float,25509000,37.09,25498000,37.11
592445440,148111360,float,25536000,37.12,25556000,37.09
593494016,148373504,float,25634000,37.04,25586000,37.11
594542592,148635648,float,25642000,37.10,25633000,37.11
595591168,148897792,float,25686000,37.10,25712000,37.06
596639744,149159936,float,25723000,37.11,25722000,37.11
597688320,149422080,float,25789000,37.08,25743000,37.15
598736896,149684224,float,25839000,37.08,25823000,37.10
599785472,149946368,float,25847000,37.13,25860000,37.11
600834048,150208512,float,25960000,37.03,25905000,37.11
601882624,150470656,float,25940000,37.12,25948000,37.11
602931200,150732800,float,26007000,37.09,25993000,37.11
603979776,150994944,float,26026000,37.13,26054000,37.09
605028352,151257088,float,26051000,37.16,26049000,37.16
606076928,151519232,float,26099000,37.16,26102000,37.15
607125504,151781376,float,26212000,37.06,26207000,37.07
608174080,152043520,float,26262000,37.05,26219000,37.11
609222656,152305664,float,26263000,37.12,26255000,37.13
610271232,152567808,float,26322000,37.10,26297000,37.13
611319808,152829952,float,26391000,37.06,26387000,37.07
612368384,153092096,float,26372000,37.15,26460000,37.03
613416960,153354240,float,26457000,37.10,26465000,37.08
614465536,153616384,float,26496000,37.11,26491000,37.11
615514112,153878528,float,26562000,37.08,26527000,37.12
616562688,154140672,float,26543000,37.17,26552000,37.15
617611264,154402816,float,26548000,37.22,26648000,37.08
618659840,154664960,float,26699000,37.08,26716000,37.05
619708416,154927104,float,26732000,37.09,26702000,37.13
620756992,155189248,float,26765000,37.11,26813000,37.04
621805568,155451392,float,26813000,37.10,26831000,37.08
622854144,155713536,float,26865000,37.10,26844000,37.12
623902720,155975680,float,26911000,37.09,26891000,37.12
624951296,156237824,float,26964000,37.08,26917000,37.15
625999872,156499968,float,27031000,37.05,27008000,37.08
627048448,156762112,float,27058000,37.08,27074000,37.06
628097024,157024256,float,27095000,37.09,27070000,37.12
629145600,157286400,float,27115000,37.13,27095000,37.15
630194176,157548544,float,27189000,37.09,27210000,37.06
631242752,157810688,float,27212000,37.12,27191000,37.14
632291328,158072832,float,27278000,37.09,27299000,37.06
633339904,158334976,float,27300000,37.12,27314000,37.10
634388480,158597120,float,27340000,37.13,27335000,37.13
635437056,158859264,float,27348000,37.18,27405000,37.10
636485632,159121408,float,27447000,37.10,27492000,37.04
637534208,159383552,float,27488000,37.11,27506000,37.08
638582784,159645696,float,27541000,37.10,27559000,37.07
639631360,159907840,float,27586000,37.10,27600000,37.08
640679936,160169984,float,27583000,37.16,27609000,37.13
641728512,160432128,float,27661000,37.12,27676000,37.10
642777088,160694272,float,27683000,37.15,27755000,37.05
643825664,160956416,float,27722000,37.16,27737000,37.14
644874240,161218560,float,27784000,37.14,27754000,37.18
645922816,161480704,float,27844000,37.12,27806000,37.17
646971392,161742848,float,27868000,37.14,27919000,37.08
648019968,162004992,float,27891000,37.17,27904000,37.16
649068544,162267136,float,27932000,37.18,27960000,37.14
650117120,162529280,float,28011000,37.14,28047000,37.09
651165696,162791424,float,28077000,37.11,28143000,37.02
652214272,163053568,float,28145000,37.08,28130000,37.10
653262848,163315712,float,28156000,37.12,28131000,37.15
654311424,163577856,float,28216000,37.10,28191000,37.14
655360000,163840000,float,28235000,37.14,28278000,37.08
656408576,164102144,float,28282000,37.13,28316000,37.09
657457152,164364288,float,28326000,37.14,28289000,37.19
658505728,164626432,float,28385000,37.12,28366000,37.14
659554304,164888576,float,28429000,37.12,28435000,37.11
660602880,165150720,float,28459000,37.14,28497000,37.09
661651456,165412864,float,28511000,37.13,28495000,37.15
662700032,165675008,float,28597000,37.08,28576000,37.10
663748608,165937152,float,28606000,37.12,28650000,37.07
664797184,166199296,float,28661000,37.11,28685000,37.08
665845760,166461440,float,28696000,37.12,28736000,37.07
666894336,166723584,float,28729000,37.14,28711000,37.16
667942912,166985728,float,28789000,37.12,28804000,37.10
668991488,167247872,float,28813000,37.15,28803000,37.16
670040064,167510016,float,28926000,37.06,28921000,37.07
671088640,167772160,float,28912000,37.14,28937000,37.11
672137216,168034304,float,28977000,37.11,29018000,37.06
673185792,168296448,float,29040000,37.09,29061000,37.06
674234368,168558592,float,29046000,37.14,29060000,37.12
675282944,168820736,float,29064000,37.17,29096000,37.13
676331520,169082880,float,29155000,37.12,29152000,37.12
677380096,169345024,float,29220000,37.09,29247000,37.06
678428672,169607168,float,29218000,37.15,29233000,37.13
679477248,169869312,float,29261000,37.15,29245000,37.17
680525824,170131456,float,29344000,37.11,29342000,37.11
681574400,170393600,float,29351000,37.15,29374000,37.13
682622976,170655744,float,29463000,37.07,29386000,37.17
683671552,170917888,float,29437000,37.16,29448000,37.15
684720128,171180032,float,29577000,37.04,29585000,37.03
685768704,171442176,float,29508000,37.18,29525000,37.16
686817280,171704320,float,29619000,37.10,29573000,37.16
687865856,171966464,float,29615000,37.16,29645000,37.13
688914432,172228608,float,29701000,37.11,29712000,37.10
689963008,172490752,float,29693000,37.18,29763000,37.09
691011584,172752896,float,29792000,37.11,29803000,37.10
692060160,173015040,float,29826000,37.13,29825000,37.13
693108736,173277184,float,29878000,37.12,29833000,37.17
694157312,173539328,float,29900000,37.15,29941000,37.09
695205888,173801472,float,29969000,37.12,29945000,37.15
696254464,174063616,float,30025000,37.10,30058000,37.06
697303040,174325760,float,30060000,37.12,30066000,37.11
698351616,174587904,float,30100000,37.12,30147000,37.06
699400192,174850048,float,30099000,37.18,30169000,37.09
700448768,175112192,float,30180000,37.13,30139000,37.18
701497344,175374336,float,30235000,37.12,30229000,37.13
702545920,175636480,float,30277000,37.13,30284000,37.12
703594496,175898624,float,30364000,37.08,30354000,37.09
704643072,176160768,float,30370000,37.12,30410000,37.07
705691648,176422912,float,30381000,37.16,30414000,37.12
706740224,176685056,float,30458000,37.13,30424000,37.17
707788800,176947200,float,30453000,37.19,30486000,37.15
708837376,177209344,float,30563000,37.11,30519000,37.16
709885952,177471488,float,30638000,37.07,30610000,37.11
710934528,177733632,float,30665000,37.09,30656000,37.11
711983104,177995776,float,30689000,37.12,30741000,37.06
713031680,178257920,float,30740000,37.11,30771000,37.08
714080256,178520064,float,30811000,37.08,30799000,37.10
715128832,178782208,float,30843000,37.10,30822000,37.12
716177408,179044352,float,30901000,37.08,30871000,37.12
717225984,179306496,float,30948000,37.08,30933000,37.10
718274560,179568640,float,30972000,37.11,30934000,37.15
719323136,179830784,float,31041000,37.08,30975000,37.16
720371712,180092928,float,31007000,37.17,31041000,37.13
721420288,180355072,float,31103000,37.11,31129000,37.08
722468864,180617216,float,31137000,37.13,31166000,37.09
723517440,180879360,float,31127000,37.19,31200000,37.10
724566016,181141504,float,31217000,37.14,31253000,37.09
725614592,181403648,float,31230000,37.18,31247000,37.16
726663168,181665792,float,31303000,37.14,31307000,37.14
727711744,181927936,float,31378000,37.11,31359000,37.13
728760320,182190080,float,31376000,37.16,31430000,37.10
729808896,182452224,float,31425000,37.16,31460000,37.12
730857472,182714368,float,31521000,37.10,31479000,37.15
731906048,182976512,float,31539000,37.13,31441000,37.25
732954624,183238656,float,31560000,37.16,31608000,37.10
734003200,183500800,float,31632000,37.13,31627000,37.13
735051776,183762944,float,31610000,37.21,31699000,37.10
736100352,184025088,float,31733000,37.11,31669000,37.19
737148928,184287232,float,31774000,37.12,31784000,37.11
738197504,184549376,float,31857000,37.08,31858000,37.07
739246080,184811520,float,31782000,37.22,31895000,37.08
740294656,185073664,float,31899000,37.13,31874000,37.16
741343232,185335808,float,31924000,37.16,31918000,37.16
742391808,185597952,float,32020000,37.10,31965000,37.16
743440384,185860096,float,32043000,37.12,32041000,37.12
744488960,186122240,float,32047000,37.17,32109000,37.10
745537536,186384384,float,32124000,37.13,32155000,37.10
746586112,186646528,float,32202000,37.10,32210000,37.09
747634688,186908672,float,32135000,37.23,32229000,37.12
748683264,187170816,float,32229000,37.17,32206000,37.19
749731840,187432960,float,32236000,37.21,32304000,37.13
750780416,187695104,float,32386000,37.09,32335000,37.15
751828992,187957248,float,32470000,37.05,32370000,37.16
752877568,188219392,float,32438000,37.14,32484000,37.08
753926144,188481536,float,32475000,37.14,32522000,37.09
754974720,188743680,float,32547000,37.11,32558000,37.10
756023296,189005824,float,32613000,37.09,32568000,37.14
757071872,189267968,float,32588000,37.17,32635000,37.12
758120448,189530112,float,32639000,37.16,32684000,37.11
759169024,189792256,float,32674000,37.18,32750000,37.09
760217600,190054400,float,32726000,37.17,32731000,37.16
761266176,190316544,float,32773000,37.17,32847000,37.08
762314752,190578688,float,32827000,37.16,32851000,37.13
763363328,190840832,float,32843000,37.19,32896000,37.13
764411904,191102976,float,32865000,37.22,32918000,37.15
765460480,191365120,float,32941000,37.18,32950000,37.17
766509056,191627264,float,32959000,37.21,33029000,37.13
767557632,191889408,float,33071000,37.13,33033000,37.18
768606208,192151552,float,33109000,37.14,33154000,37.09
769654784,192413696,float,33164000,37.13,33173000,37.12
770703360,192675840,float,33190000,37.15,33201000,37.14
771751936,192937984,float,33203000,37.19,33226000,37.16
772800512,193200128,float,33294000,37.14,33308000,37.12
773849088,193462272,float,33321000,37.16,33335000,37.14
774897664,193724416,float,33335000,37.19,33388000,37.13
775946240,193986560,float,33390000,37.18,33375000,37.20
776994816,194248704,float,33462000,37.15,33443000,37.17
778043392,194510848,float,33531000,37.13,33549000,37.11
779091968,194772992,float,33570000,37.13,33611000,37.09
780140544,195035136,float,33635000,37.11,33678000,37.06
781189120,195297280,float,33627000,37.17,33645000,37.15
782237696,195559424,float,33638000,37.21,33702000,37.14
783286272,195821568,float,33738000,37.15,33738000,37.15
784334848,196083712,float,33810000,37.12,33785000,37.14
785383424,196345856,float,33783000,37.20,33790000,37.19
786432000,196608000,float,33863000,37.16,33936000,37.08
787480576,196870144,float,33864000,37.21,33881000,37.19
788529152,197132288,float,33951000,37.16,33968000,37.14
789577728,197394432,float,34032000,37.12,34040000,37.11
790626304,197656576,float,34061000,37.14,34048000,37.15
791674880,197918720,float,34076000,37.17,34096000,37.15
792723456,198180864,float,34125000,37.17,34164000,37.13
793772032,198443008,float,34199000,37.14,34148000,37.19
794820608,198705152,float,34214000,37.17,34208000,37.18
795869184,198967296,float,34290000,37.14,34336000,37.09
796917760,199229440,float,34318000,37.15,34300000,37.17
797966336,199491584,float,34378000,37.14,34356000,37.16
799014912,199753728,float,34386000,37.18,34517000,37.04
800063488,200015872,float,34454000,37.15,34496000,37.11
801112064,200278016,float,34509000,37.14,34527000,37.12
802160640,200540160,float,34567000,37.13,34552000,37.15
803209216,200802304,float,34581000,37.16,34578000,37.17
804257792,201064448,float,34617000,37.17,34660000,37.13
805306368,201326592,float,34685000,37.15,34731000,37.10
806354944,201588736,float,34745000,37.13,34739000,37.14
807403520,201850880,float,34814000,37.11,34780000,37.14
808452096,202113024,float,34723000,37.25,34908000,37.06
809500672,202375168,float,34909000,37.10,34883000,37.13
810549248,202637312,float,34928000,37.13,34912000,37.15
811597824,202899456,float,34955000,37.15,35021000,37.08
812646400,203161600,float,34964000,37.19,35039000,37.11
813694976,203423744,float,35060000,37.13,35047000,37.15
814743552,203685888,float,34992000,37.25,35109000,37.13
815792128,203948032,float,35128000,37.16,35171000,37.11
816840704,204210176,float,35119000,37.22,35180000,37.15
817889280,204472320,float,35200000,37.18,35237000,37.14
818937856,204734464,float,35299000,37.12,35332000,37.09
819986432,204996608,float,35321000,37.14,35299000,37.17
821035008,205258752,float,35382000,37.13,35365000,37.15
822083584,205520896,float,35391000,37.17,35383000,37.17
823132160,205783040,float,35457000,37.14,35420000,37.18
824180736,206045184,float,35463000,37.18,35504000,37.14
825229312,206307328,float,35605000,37.08,35580000,37.11
826277888,206569472,float,35620000,37.12,35552000,37.19
827326464,206831616,float,35636000,37.15,35613000,37.17
828375040,207093760,float,35637000,37.19,35675000,37.15
829423616,207355904,float,35699000,37.17,35673000,37.20
830472192,207618048,float,35763000,37.15,35746000,37.17
831520768,207880192,float,35787000,37.18,35851000,37.11
832569344,208142336,float,35821000,37.19,35804000,37.21
833617920,208404480,float,35880000,37.17,35838000,37.22
834666496,208666624,float,35945000,37.15,35952000,37.15
835715072,208928768,float,35953000,37.19,36025000,37.12
836763648,209190912,float,36046000,37.14,36039000,37.15
837812224,209453056,float,36068000,37.17,36056000,37.18
838860800,209715200,float,36087000,37.19,36146000,37.13
839909376,209977344,float,36238000,37.08,36122000,37.20
840957952,210239488,float,36175000,37.19,36217000,37.15
842006528,210501632,float,36253000,37.16,36284000,37.13
843055104,210763776,float,36324000,37.13,36309000,37.15
844103680,211025920,float,36324000,37.18,36385000,37.12
845152256,211288064,float,36395000,37.15,36385000,37.16
846200832,211550208,float,36363000,37.23,36464000,37.13
847249408,211812352,float,36471000,37.17,36445000,37.20
848297984,212074496,float,36515000,37.17,36559000,37.13
849346560,212336640,float,36563000,37.17,36513000,37.22
850395136,212598784,float,36624000,37.15,36635000,37.14
851443712,212860928,float,36662000,37.16,36694000,37.13
852492288,213123072,float,36690000,37.18,36715000,37.15
853540864,213385216,float,36751000,37.16,36770000,37.14
854589440,213647360,float,36778000,37.18,36817000,37.14
855638016,213909504,float,36887000,37.11,36836000,37.17
856686592,214171648,float,36843000,37.20,36899000,37.15
857735168,214433792,float,36938000,37.15,36940000,37.15
858783744,214695936,float,36929000,37.21,36951000,37.19
859832320,214958080,float,36999000,37.18,37000000,37.18
860880896,215220224,float,37065000,37.16,37120000,37.11
861929472,215482368,float,37108000,37.16,37097000,37.18
862978048,215744512,float,37150000,37.17,37179000,37.14
864026624,216006656,float,37245000,37.12,37223000,37.14
865075200,216268800,float,37295000,37.11,37340000,37.07
866123776,216530944,float,37239000,37.21,37263000,37.19
867172352,216793088,float,37334000,37.16,37351000,37.15
868220928,217055232,float,37371000,37.17,37373000,37.17
869269504,217317376,float,37403000,37.19,37439000,37.15
870318080,217579520,float,37430000,37.20,37516000,37.12
871366656,217841664,float,37570000,37.11,37576000,37.10
872415232,218103808,float,37546000,37.18,37589000,37.13
873463808,218365952,float,37652000,37.12,37601000,37.17
874512384,218628096,float,37683000,37.13,37699000,37.12
875560960,218890240,float,37751000,37.11,37717000,37.14
876609536,219152384,float,37746000,37.16,37759000,37.15
877658112,219414528,float,37737000,37.21,37822000,37.13
878706688,219676672,float,37799000,37.19,37861000,37.13
879755264,219938816,float,37871000,37.17,37926000,37.11
880803840,220200960,float,37913000,37.17,37925000,37.16
881852416,220463104,float,37974000,37.16,37993000,37.14
882900992,220725248,float,38002000,37.17,38016000,37.16
883949568,220987392,float,38025000,37.19,38114000,37.11
884998144,221249536,float,38046000,37.22,38131000,37.14
886046720,221511680,float,38133000,37.18,38149000,37.16
887095296,221773824,float,38211000,37.15,38149000,37.21
888143872,222035968,float,38246000,37.16,38215000,37.19
889192448,222298112,float,38267000,37.18,38307000,37.14
890241024,222560256,float,38343000,37.15,38343000,37.15
891289600,222822400,float,38383000,37.15,38414000,37.12
892338176,223084544,float,38405000,37.18,38430000,37.15
893386752,223346688,float,38451000,37.18,38449000,37.18
894435328,223608832,float,38491000,37.18,38478000,37.19
895483904,223870976,float,38503000,37.21,38577000,37.14
896532480,224133120,float,38523000,37.24,38651000,37.11
897581056,224395264,float,38582000,37.22,38649000,37.16
898629632,224657408,float,38675000,37.18,38712000,37.14
899678208,224919552,float,38715000,37.18,38717000,37.18
900726784,225181696,float,38813000,37.13,38760000,37.18
901775360,225443840,float,38763000,37.22,38871000,37.12
902823936,225705984,float,38855000,37.18,38920000,37.11
903872512,225968128,float,38960000,37.12,38918000,37.16
904921088,226230272,float,38943000,37.18,38960000,37.16
905969664,226492416,float,38998000,37.17,38942000,37.22
907018240,226754560,float,39106000,37.11,39063000,37.15
908066816,227016704,float,39078000,37.18,39107000,37.15
909115392,227278848,float,39122000,37.18,39107000,37.19
910163968,227540992,float,39187000,37.16,39187000,37.16
911212544,227803136,float,39220000,37.17,39316000,37.08
912261120,228065280,float,39253000,37.19,39275000,37.16
913309696,228327424,float,39328000,37.16,39325000,37.16
914358272,228589568,float,39358000,37.17,39388000,37.14
915406848,228851712,float,39420000,37.16,39398000,37.18
916455424,229113856,float,39421000,37.20,39436000,37.18
917504000,229376000,float,39449000,37.21,39527000,37.14
918552576,229638144,float,39567000,37.14,39579000,37.13
919601152,229900288,float,39536000,37.22,39610000,37.15
920649728,230162432,float,39667000,37.14,39664000,37.14
921698304,230424576,float,39703000,37.14,39713000,37.13
922746880,230686720,float,39756000,37.14,39684000,37.20
923795456,230948864,float,39787000,37.15,39816000,37.12
924844032,231211008,float,39819000,37.16,39780000,37.20
925892608,231473152,float,39874000,37.15,39913000,37.12
926941184,231735296,float,39974000,37.10,39936000,37.14
927989760,231997440,float,39859000,37.25,39900000,37.21
929038336,232259584,float,39973000,37.19,39971000,37.19
930086912,232521728,float,40057000,37.15,40056000,37.15
931135488,232783872,float,40032000,37.22,40052000,37.20
932184064,233046016,float,40138000,37.16,40138000,37.16
933232640,233308160,float,40179000,37.16,40170000,37.17
934281216,233570304,float,40215000,37.17,40195000,37.19
935329792,233832448,float,40244000,37.19,40274000,37.16
936378368,234094592,float,40322000,37.16,40310000,37.17
937426944,234356736,float,40387000,37.14,40356000,37.17
938475520,234618880,float,40357000,37.21,40354000,37.21
939524096,234881024,float,40339000,37.27,40402000,37.21
940572672,235143168,float,40487000,37.17,40499000,37.16
941621248,235405312,float,40522000,37.18,40532000,37.17
942669824,235667456,float,40560000,37.19,40543000,37.20
943718400,235929600,float,40585000,37.20,40658000,37.14
944766976,236191744,float,40666000,37.17,40637000,37.20
945815552,236453888,float,40710000,37.17,40757000,37.13
946864128,236716032,float,40741000,37.19,40738000,37.19
947912704,236978176,float,40780000,37.19,40806000,37.17
948961280,237240320,float,40838000,37.18,40868000,37.15
950009856,237502464,float,40859000,37.20,40895000,37.17
951058432,237764608,float,41004000,37.11,40951000,37.16
952107008,238026752,float,41028000,37.13,41000000,37.16
953155584,238288896,float,40984000,37.21,41040000,37.16
954204160,238551040,float,41064000,37.18,41077000,37.17
955252736,238813184,float,41102000,37.19,41151000,37.14
956301312,239075328,float,41190000,37.15,41200000,37.14
957349888,239337472,float,41226000,37.16,41218000,37.16
958398464,239599616,float,41237000,37.19,41233000,37.19
959447040,239861760,float,41259000,37.21,41363000,37.11
960495616,240123904,float,41393000,37.13,41331000,37.18
961544192,240386048,float,41378000,37.18,41411000,37.15
962592768,240648192,float,41411000,37.19,41479000,37.13
963641344,240910336,float,41462000,37.19,41513000,37.14
964689920,241172480,float,41543000,37.15,41546000,37.15
965738496,241434624,float,41550000,37.19,41554000,37.18
966787072,241696768,float,41599000,37.19,41628000,37.16
967835648,241958912,float,41645000,37.18,41662000,37.17
968884224,242221056,float,41674000,37.20,41713000,37.16
969932800,242483200,float,41716000,37.20,41703000,37.21
970981376,242745344,float,41831000,37.14,41809000,37.16
972029952,243007488,float,41911000,37.11,41826000,37.18
973078528,243269632,float,41964000,37.10,41895000,37.16
974127104,243531776,float,41861000,37.23,41944000,37.16
975175680,243793920,float,41927000,37.21,41966000,37.18
976224256,244056064,float,41961000,37.22,42039000,37.15
977272832,244318208,float,42031000,37.20,42120000,37.12
978321408,244580352,float,42203000,37.09,42108000,37.17
979369984,244842496,float,42148000,37.18,42133000,37.19
980418560,245104640,float,42151000,37.22,42238000,37.14
981467136,245366784,float,42229000,37.19,42205000,37.21
982515712,245628928,float,42204000,37.25,42318000,37.15
983564288,245891072,float,42308000,37.20,42396000,37.12
984612864,246153216,float,42404000,37.15,42432000,37.13
985661440,246415360,float,42435000,37.16,42403000,37.19
986710016,246677504,float,42469000,37.17,42478000,37.17
987758592,246939648,float,42579000,37.12,42500000,37.19
988807168,247201792,float,42559000,37.17,42544000,37.19
989855744,247463936,float,42620000,37.16,42641000,37.14
990904320,247726080,float,42684000,37.14,42629000,37.19
991952896,247988224,float,42694000,37.17,42708000,37.16
993001472,248250368,float,42764000,37.15,42849000,37.08
994050048,248512512,float,42742000,37.21,42771000,37.19
995098624,248774656,float,42839000,37.17,42854000,37.15
996147200,249036800,float,42856000,37.19,42909000,37.14
997195776,249298944,float,42859000,37.23,42920000,37.17
998244352,249561088,float,43005000,37.14,42945000,37.19
999292928,249823232,float,42987000,37.19,43001000,37.18
1000341504,250085376,float,43084000,37.15,43069000,37.16
1001390080,250347520,float,43032000,37.23,43101000,37.17
1002438656,250609664,float,43122000,37.19,43183000,37.14
1003487232,250871808,float,43176000,37.19,43206000,37.16
1004535808,251133952,float,43238000,37.17,43233000,37.18
1005584384,251396096,float,43295000,37.16,43259000,37.19
1006632960,251658240,float,43339000,37.16,43343000,37.16
1007681536,251920384,float,43413000,37.14,43476000,37.08
1008730112,252182528,float,43407000,37.18,43384000,37.20
1009778688,252444672,float,43477000,37.16,43510000,37.13
1010827264,252706816,float,43463000,37.21,43440000,37.23
1011875840,252968960,float,43484000,37.23,43451000,37.26
1012924416,253231104,float,43607000,37.17,43649000,37.13
1013972992,253493248,float,43678000,37.14,43639000,37.18
1015021568,253755392,float,43723000,37.14,43612000,37.24
1016070144,254017536,float,43750000,37.16,43775000,37.14
1017118720,254279680,float,43800000,37.16,43757000,37.19
1018167296,254541824,float,43787000,37.20,43832000,37.17
1019215872,254803968,float,43857000,37.18,43855000,37.18
1020264448,255066112,float,43894000,37.19,43968000,37.13
1021313024,255328256,float,43884000,37.24,43955000,37.18
1022361600,255590400,float,43946000,37.22,44035000,37.15
1023410176,255852544,float,44022000,37.20,44049000,37.17
1024458752,256114688,float,44064000,37.20,44044000,37.22
1025507328,256376832,float,44101000,37.21,44150000,37.16
1026555904,256638976,float,44195000,37.16,44131000,37.22
1027604480,256901120,float,44211000,37.19,44162000,37.23
1028653056,257163264,float,44291000,37.16,44254000,37.19
1029701632,257425408,float,44301000,37.19,44261000,37.22
1030750208,257687552,float,44356000,37.18,44367000,37.17
1031798784,257949696,float,44347000,37.23,44440000,37.15
1032847360,258211840,float,44426000,37.20,44561000,37.09
1033895936,258473984,float,44487000,37.18,44467000,37.20
1034944512,258736128,float,44563000,37.16,44517000,37.20
1035993088,258998272,float,44606000,37.16,44623000,37.15
1037041664,259260416,float,44597000,37.21,44615000,37.19
1038090240,259522560,float,44709000,37.15,44707000,37.15
1039138816,259784704,float,44642000,37.24,44720000,37.18
1040187392,260046848,float,44725000,37.21,44793000,37.16
1041235968,260308992,float,44778000,37.21,44820000,37.17
1042284544,260571136,float,44893000,37.15,44839000,37.19
1043333120,260833280,float,44917000,37.16,44908000,37.17
1044381696,261095424,float,44941000,37.18,44999000,37.13
1045430272,261357568,float,45016000,37.16,44998000,37.17
1046478848,261619712,float,45013000,37.20,45021000,37.19
1047527424,261881856,float,45059000,37.20,45083000,37.18
1048576000,262144000,float,45088000,37.21,45122000,37.18
1049624576,262406144,float,45154000,37.19,45144000,37.20
1050673152,262668288,float,45167000,37.22,45207000,37.19
1051721728,262930432,float,45256000,37.18,45259000,37.18
1052770304,263192576,float,45277000,37.20,45315000,37.17
1053818880,263454720,float,45331000,37.20,45295000,37.22
1054867456,263716864,float,45393000,37.18,45393000,37.18
1055916032,263979008,float,45411000,37.20,45440000,37.18
1056964608,264241152,float,45505000,37.16,45471000,37.19
1058013184,264503296,float,45528000,37.18,45498000,37.21
1059061760,264765440,float,45496000,37.25,45551000,37.20
1060110336,265027584,float,45650000,37.16,45615000,37.18
1061158912,265289728,float,45641000,37.20,45652000,37.19
1062207488,265551872,float,45671000,37.21,45701000,37.19
1063256064,265814016,float,45737000,37.20,45730000,37.20
1064304640,266076160,float,45736000,37.23,45799000,37.18
1065353216,266338304,float,45846000,37.18,45921000,37.12
1066401792,266600448,float,45911000,37.16,45907000,37.17
1067450368,266862592,float,45976000,37.15,45921000,37.19
1068498944,267124736,float,45963000,37.20,45987000,37.18
1069547520,267386880,float,45977000,37.22,46035000,37.17
1070596096,267649024,float,46027000,37.22,46063000,37.19
1071644672,267911168,float,46011000,37.27,46187000,37.12
1072693248,268173312,float,46179000,37.17,46222000,37.13
1073741824,268435456,float,46223000,37.17,46191000,37.19
