size(B),count,type,time(ns),busbw(GB/s),time(ns),busbw(GB/s)
1048576,262144,float,77960,23.06,77740,23.12
2097152,524288,float,78250,45.94,78530,45.78
3145728,786432,float,79100,68.17,79020,68.24
4194304,1048576,float,84180,85.42,83270,86.35
5242880,1310720,float,94020,95.60,92760,96.90
6291456,1572864,float,105600,102.14,103900,103.84
7340032,1835008,float,119400,105.37,116900,107.62
8388608,2097152,float,134400,107.03,129800,110.75
9437184,2359296,float,141800,114.11,137700,117.49
10485760,2621440,float,149900,119.88,146800,122.42
11534336,2883584,float,167600,118.00,165100,119.79
12582912,3145728,float,172500,125.07,169700,127.12
13631488,3407872,float,183400,127.40,181200,128.98
14680064,3670016,float,203600,123.58,202700,124.18
15728640,3932160,float,208000,129.60,206200,130.73
16777216,4194304,float,227600,126.36,227900,126.20
17825792,4456448,float,232000,131.71,232100,131.65
18874368,4718592,float,237200,136.43,236700,136.67
19922944,4980736,float,265300,128.75,265400,128.67
20971520,5242880,float,247400,145.33,246000,146.15
22020096,5505024,float,235000,160.63,230300,163.89
23068672,5767168,float,267300,147.96,264700,149.38
24117248,6029312,float,275300,150.18,276400,149.56
25165824,6291456,float,287600,150.02,284300,151.74
26214400,6553600,float,292900,153.45,295300,152.16
27262976,6815744,float,299000,156.30,295700,158.07
28311552,7077888,float,304400,159.44,303500,159.93
29360128,7340032,float,313400,160.61,313100,160.77
30408704,7602176,float,318100,163.87,317200,164.34
31457280,7864320,float,321500,167.72,321400,167.78
32505856,8126464,float,327400,170.23,325800,171.05
33554432,8388608,float,332800,172.84,333700,172.38
34603008,8650752,float,335900,176.59,336100,176.49
35651584,8912896,float,335200,182.31,334800,182.56
36700160,9175040,float,340000,185.02,339100,185.51
37748736,9437184,float,346100,186.99,345800,187.14
38797312,9699328,float,352500,188.67,351800,189.08
39845888,9961472,float,355800,191.97,355000,192.44
40894464,10223616,float,363600,192.82,360200,194.62
41943040,10485760,float,402900,178.44,401300,179.16
42991616,10747904,float,419800,175.56,415200,177.51
44040192,11010048,float,382200,197.54,382400,197.44
45088768,11272192,float,436200,177.20,437000,176.89
46137344,11534336,float,447900,176.60,444000,178.15
47185920,11796480,float,455900,177.43,454700,177.90
48234496,12058624,float,460600,179.52,460300,179.65
49283072,12320768,float,463300,182.36,462300,182.73
50331648,12582912,float,468100,184.33,468200,184.29
51380224,12845056,float,476400,184.90,475300,185.33
52428800,13107200,float,481000,186.86,480000,187.26
53477376,13369344,float,484500,189.21,482800,189.88
54525952,13631488,float,488300,191.43,485700,192.45
55574528,13893632,float,494600,192.63,495200,192.40
56623104,14155776,float,498900,194.56,496500,195.51
57671680,14417920,float,500400,197.59,498800,198.21
58720256,14680064,float,503800,199.79,502600,200.29
59768832,14942208,float,512600,199.90,511900,200.16
60817408,15204352,float,520000,200.51,517500,201.47
61865984,15466496,float,522000,203.18,521799,203.24
62914560,15728640,float,530200,203.41,528800,203.96
63963136,15990784,float,569900,192.40,564400,194.27
65011712,16252928,float,580700,191.91,579200,192.43
66060288,16515072,float,549200,206.19,549400,206.13
67108864,16777216,float,599900,191.77,597500,192.53
68157440,17039360,float,613100,190.56,611100,191.18
69206016,17301504,float,625700,189.60,620900,191.08
70254592,17563648,float,627700,191.87,627200,192.02
71303168,17825792,float,634500,192.63,631400,193.59
72351744,18087936,float,640200,193.73,636900,194.75
73400320,18350080,float,646500,194.64,643900,195.42
74448896,18612224,float,647000,197.25,646800,197.31
75497472,18874368,float,650900,198.85,651700,198.61
76546048,19136512,float,653600,200.77,649000,202.20
77594624,19398656,float,659900,201.58,658700,201.95
78643200,19660800,float,666600,202.23,663400,203.21
79691776,19922944,float,670000,203.91,665400,205.32
80740352,20185088,float,674300,205.28,674400,205.24
81788928,20447232,float,682600,205.40,679900,206.22
82837504,20709376,float,687500,206.56,686100,206.97
83886080,20971520,float,691500,207.96,689700,208.49
84934656,21233664,float,698900,208.34,697600,208.71
85983232,21495808,float,740300,199.12,737400,199.90
87031808,21757952,float,754300,197.79,752500,198.28
88080384,22020096,float,718600,210.13,717400,210.47
89128960,22282240,float,770800,198.22,767900,198.97
90177536,22544384,float,788500,196.06,783100,197.40
91226112,22806528,float,795100,196.68,794600,196.81
92274688,23068672,float,801800,197.29,798700,198.05
93323264,23330816,float,809700,197.58,805100,198.70
94371840,23592960,float,814300,198.68,809900,199.76
95420416,23855104,float,820900,199.28,816000,200.46
96468992,24117248,float,823100,200.93,820600,201.53
97517568,24379392,float,825500,202.51,823800,202.93
98566144,24641536,float,830500,203.45,825800,204.61
99614720,24903680,float,831600,205.34,829900,205.77
100663296,25165824,float,838100,205.89,834900,206.69
101711872,25427968,float,839900,207.60,841100,207.30
102760448,25690112,float,846700,208.04,847000,207.99
103809024,25952256,float,854800,208.18,852500,208.76
104857600,26214400,float,859800,209.06,857300,209.68
105906176,26476544,float,863200,210.32,862400,210.52
106954752,26738688,float,869800,210.80,867000,211.47
108003328,27000832,float,927400,199.65,923200,200.55
109051904,27262976,float,935600,199.82,935200,199.90
110100480,27525120,float,885200,213.21,885200,213.21
111149056,27787264,float,951600,200.23,947600,201.07
112197632,28049408,float,968500,198.59,962000,199.94
113246208,28311552,float,986800,196.73,980000,198.09
114294784,28573696,float,988200,198.28,988200,198.27
115343360,28835840,float,993500,199.03,987500,200.23
116391936,29097984,float,999400,199.65,995300,200.47
117440512,29360128,float,1001800,200.96,1003500,200.62
118489088,29622272,float,1010000,201.12,1008100,201.49
119537664,29884416,float,1013900,202.12,1005900,203.71
120586240,30146560,float,1017200,203.23,1015300,203.60
121634816,30408704,float,1023600,203.70,1019900,204.44
122683392,30670848,float,1026000,204.99,1027099,204.77
123731968,30932992,float,1024700,207.00,1019000,208.16
124780544,31195136,float,1024300,208.83,1024800,208.73
125829120,31457280,float,1036500,208.11,1034000,208.62
126877696,31719424,float,1037400,209.66,1033099,210.53
127926272,31981568,float,1039599,210.94,1035500,211.79
128974848,32243712,float,1040400,212.52,1040700,212.45
130023424,32505856,float,1105900,201.56,1105300,201.66
131072000,32768000,float,1117900,201.00,1113000,201.88
132120576,33030144,float,1058500,213.98,1056300,214.41
133169152,33292288,float,1130200,201.99,1131100,201.83
134217728,33554432,float,1147400,200.53,1145300,200.90
135266304,33816576,float,1162500,199.46,1160000,199.91
136314880,34078720,float,1169500,199.81,1167500,200.15
137363456,34340864,float,1172900,200.77,1172800,200.79
138412032,34603008,float,1179800,201.12,1178300,201.37
139460608,34865152,float,1190200,200.87,1186300,201.53
140509184,35127296,float,1193500,201.83,1190900,202.26
141557760,35389440,float,1193600,203.31,1192800,203.45
142606336,35651584,float,1201200,203.52,1193800,204.77
143654912,35913728,float,1203600,204.61,1203300,204.66
144703488,36175872,float,1207400,205.44,1209100,205.16
145752064,36438016,float,1206000,207.18,1204900,207.36
146800640,36700160,float,1202800,209.22,1203100,209.17
147849216,36962304,float,1214800,208.64,1212500,209.03
148897792,37224448,float,1213700,210.31,1208100,211.29
149946368,37486592,float,1213400,211.85,1211400,212.19
150994944,37748736,float,1211900,213.59,1209400,214.03
152043520,38010880,float,1281800,203.35,1285500,202.77
153092096,38273024,float,1300600,201.78,1294900,202.68
154140672,38535168,float,1223200,216.03,1224000,215.88
155189248,38797312,float,1311500,202.86,1311400,202.87
156237824,39059456,float,1323000,202.45,1324200,202.26
157286400,39321600,float,1343400,200.71,1342600,200.83
158334976,39583744,float,1351100,200.90,1353800,200.49
159383552,39845888,float,1353800,201.83,1351800,202.12
160432128,40108032,float,1358200,202.49,1355300,202.93
161480704,40370176,float,1370700,201.95,1370400,202.01
162529280,40632320,float,1373000,202.94,1371200,203.19
163577856,40894464,float,1370000,204.69,1369700,204.73
164626432,41156608,float,1368000,206.30,1373900,205.42
165675008,41418752,float,1381400,205.60,1379900,205.82
166723584,41680896,float,1385600,206.27,1383900,206.53
167772160,41943040,float,1379400,208.50,1384700,207.71
168820736,42205184,float,1379700,209.77,1380000,209.72
169869312,42467328,float,1393200,209.03,1389500,209.58
170917888,42729472,float,1381600,212.07,1383200,211.83
171966464,42991616,float,1384000,213.00,1382800,213.19
173015040,43253760,float,1383600,214.37,1380000,214.93
174063616,43515904,float,1462400,204.04,1464500,203.75
175112192,43778048,float,1464000,205.05,1465000,204.91
176160768,44040192,float,1394800,216.51,1395200,216.44
177209344,44302336,float,1475600,205.87,1474000,206.10
178257920,44564480,float,1498900,203.87,1497400,204.08
179306496,44826624,float,1514400,202.97,1513900,203.03
180355072,45088768,float,1525000,202.75,1522100,203.13
181403648,45350912,float,1522100,204.31,1521600,204.37
182452224,45613056,float,1529600,204.48,1532200,204.13
183500800,45875200,float,1537800,204.56,1540300,204.23
184549376,46137344,float,1545400,204.71,1546900,204.52
185597952,46399488,float,1537400,206.95,1539200,206.72
186646528,46661632,float,1543400,207.31,1544400,207.18
187695104,46923776,float,1554400,207.00,1551400,207.40
188743680,47185920,float,1550400,208.70,1552000,208.48
189792256,47448064,float,1550200,209.88,1546400,210.40
190840832,47710208,float,1548700,211.24,1544300,211.84
191889408,47972352,float,1562400,210.54,1560000,210.87
192937984,48234496,float,1548600,213.58,1549100,213.52
193986560,48496640,float,1553900,214.01,1551900,214.28
195035136,48758784,float,1547300,216.08,1545700,216.30
196083712,49020928,float,1622600,207.17,1625100,206.84
197132288,49283072,float,1632600,207.00,1630800,207.23
198180864,49545216,float,1560900,217.66,1564500,217.16
199229440,49807360,float,1647500,207.31,1649600,207.04
200278016,50069504,float,1666100,206.07,1664100,206.32
201326592,50331648,float,1681600,205.24,1679500,205.49
202375168,50593792,float,1694000,204.80,1692700,204.96
203423744,50855936,float,1695200,205.72,1693200,205.96
204472320,51118080,float,1700000,206.19,1702700,205.86
205520896,51380224,float,1708600,206.21,1708400,206.23
206569472,51642368,float,1712600,206.78,1713500,206.66
207618048,51904512,float,1710200,208.11,1705000,208.75
208666624,52166656,float,1709700,209.23,1711900,208.95
209715200,52428800,float,1724100,208.52,1721500,208.83
210763776,52690944,float,1724400,209.53,1722300,209.79
211812352,52953088,float,1716500,211.54,1719300,211.20
212860928,53215232,float,1714800,212.80,1710800,213.30
213909504,53477376,float,1724500,212.65,1730000,211.96
214958080,53739520,float,1719200,214.35,1718700,214.41
216006656,54001664,float,1722100,215.03,1720200,215.26
217055232,54263808,float,1711500,217.41,1712900,217.23
218103808,54525952,float,1794200,208.39,1794200,208.39
219152384,54788096,float,1802200,208.47,1804200,208.23
220200960,55050240,float,1730800,218.10,1730500,218.13
221249536,55312384,float,1813000,209.20,1816300,208.82
222298112,55574528,float,1837900,207.34,1838700,207.26
223346688,55836672,float,1847600,207.24,1847200,207.27
224395264,56098816,float,1856300,207.23,1858200,207.02
225443840,56360960,float,1858300,207.97,1855400,208.30
226492416,56623104,float,1866200,208.05,1865500,208.14
227540992,56885248,float,1875300,208.00,1873800,208.17
228589568,57147392,float,1874400,209.06,1879400,208.51
229638144,57409536,float,1874500,210.01,1871600,210.33
230686720,57671680,float,1875900,210.81,1877400,210.65
231735296,57933824,float,1887000,210.52,1885500,210.69
232783872,58195968,float,1881300,212.12,1879000,212.37
233832448,58458112,float,1880800,213.14,1879300,213.30
234881024,58720256,float,1871800,215.12,1873200,214.96
235929600,58982400,float,1891100,213.87,1883900,214.68
236978176,59244544,float,1878500,216.26,1877200,216.41
238026752,59506688,float,1880800,216.95,1886000,216.36
239075328,59768832,float,1878800,218.14,1880500,217.94
240123904,60030976,float,1955900,210.46,1960900,209.93
241172480,60293120,float,1958600,211.09,1959100,211.03
242221056,60555264,float,1892500,219.41,1894600,219.17
243269632,60817408,float,1975200,211.13,1970000,211.70
244318208,61079552,float,1998500,209.57,1994200,210.02
245366784,61341696,float,2010400,209.23,2011100,209.15
246415360,61603840,float,2022500,208.87,2024300,208.68
247463936,61865984,float,2022700,209.73,2026200,209.37
248512512,62128128,float,2029900,209.87,2032000,209.65
249561088,62390272,float,2037400,209.99,2040000,209.72
250609664,62652416,float,2036900,210.92,2035900,211.03
251658240,62914560,float,2038400,211.64,2039700,211.51
252706816,63176704,float,2036800,212.69,2040800,212.28
253755392,63438848,float,2054400,211.75,2049100,212.30
254803968,63700992,float,2043700,213.73,2050800,212.99
255852544,63963136,float,2045900,214.38,2046500,214.32
256901120,64225280,float,2035700,216.34,2035800,216.33
257949696,64487424,float,2063199,214.33,2056699,215.01
258998272,64749568,float,2048600,216.73,2045500,217.07
260046848,65011712,float,2050400,217.41,2049300,217.53
261095424,65273856,float,2042800,219.11,2041700,219.22
262144000,65536000,float,2120900,211.89,2121300,211.84
263192576,65798144,float,2120200,212.80,2120600,212.76
264241152,66060288,float,2060400,219.85,2054900,220.44
265289728,66322432,float,2148000,211.73,2144600,212.05
266338304,66584576,float,2159900,211.39,2161300,211.25
267386880,66846720,float,2181700,210.10,2180000,210.26
268435456,67108864,float,2190900,210.04,2189800,210.14
269484032,67371008,float,2191000,210.85,2193600,210.60
270532608,67633152,float,2202700,210.55,2196300,211.16
271581184,67895296,float,2205600,211.08,2204800,211.16
272629760,68157440,float,2206100,211.86,2202500,212.20
273678336,68419584,float,2205900,212.68,2202700,213.00
274726912,68681728,float,2201800,213.90,2200200,214.05
275775488,68943872,float,2217500,213.19,2218500,213.10
276824064,69206016,float,2210000,214.73,2210600,214.67
277872640,69468160,float,2206600,215.87,2214900,215.07
278921216,69730304,float,2201000,217.24,2198100,217.53
279969792,69992448,float,2219800,216.22,2218000,216.39
281018368,70254592,float,2208100,218.17,2209500,218.03
282066944,70516736,float,2214400,218.37,2218400,217.97
283115520,70778880,float,2206800,219.93,2203200,220.29
284164096,71041024,float,2287700,212.94,2290700,212.66
285212672,71303168,float,2291900,213.33,2284500,214.03
286261248,71565312,float,2222200,220.83,2226100,220.45
287309824,71827456,float,2306700,213.52,2304800,213.70
288358400,72089600,float,2326700,212.46,2329300,212.22
289406976,72351744,float,2342300,211.81,2344900,211.58
290455552,72613888,float,2354200,211.50,2352000,211.70
291504128,72876032,float,2353700,212.31,2355100,212.18
292552704,73138176,float,2361500,212.38,2359600,212.54
293601280,73400320,float,2365800,212.75,2365800,212.74
294649856,73662464,float,2363200,213.74,2366100,213.48
295698432,73924608,float,2368800,214.00,2371900,213.72
296747008,74186752,float,2361600,215.41,2364400,215.16
297795584,74448896,float,2375500,214.91,2377100,214.76
298844160,74711040,float,2368200,216.32,2368500,216.30
299892736,74973184,float,2371100,216.82,2378400,216.15
300941312,75235328,float,2365000,218.14,2365000,218.14
301989888,75497472,float,2385800,216.99,2378600,217.65
303038464,75759616,float,2366800,219.49,2373600,218.87
304087040,76021760,float,2378700,219.15,2379700,219.06
305135616,76283904,float,2371700,220.55,2366500,221.04
306184192,76546048,float,2457500,213.59,2448900,214.33
307232768,76808192,float,2444000,215.50,2446900,215.24
308281344,77070336,float,2385000,221.58,2385500,221.54
309329920,77332480,float,2469700,214.72,2467100,214.94
310378496,77594624,float,2490400,213.65,2489700,213.71
311427072,77856768,float,2509400,212.75,2510300,212.68
312475648,78118912,float,2510300,213.39,2516800,212.84
313524224,78381056,float,2515100,213.70,2512400,213.93
314572800,78643200,float,2523300,213.72,2516200,214.32
315621376,78905344,float,2531300,213.75,2531900,213.70
316669952,79167488,float,2529200,214.64,2530600,214.52
317718528,79429632,float,2532800,215.05,2528300,215.42
318767104,79691776,float,2534800,215.59,2529500,216.03
319815680,79953920,float,2538200,216.00,2541600,215.71
320864256,80216064,float,2534100,217.06,2539700,216.58
321912832,80478208,float,2535100,217.69,2532700,217.89
322961408,80740352,float,2525200,219.25,2524800,219.29
324009984,81002496,float,2547800,218.01,2542700,218.45
325058560,81264640,float,2532200,220.07,2534400,219.88
326107136,81526784,float,2544400,219.72,2546000,219.57
327155712,81788928,float,2529600,221.71,2533000,221.41
328204288,82051072,float,2615600,215.11,2616100,215.07
329252864,82313216,float,2617100,215.67,2618500,215.56
330301440,82575360,float,2550300,222.03,2554800,221.64
331350016,82837504,float,2644000,214.83,2638400,215.29
332398592,83099648,float,2658100,214.37,2658300,214.36
333447168,83361792,float,2669200,214.16,2675500,213.65
334495744,83623936,float,2680100,213.96,2682000,213.80
335544320,83886080,float,2684000,214.32,2687400,214.04
336592896,84148224,float,2688500,214.62,2689800,214.52
337641472,84410368,float,2696600,214.65,2695400,214.74
338690048,84672512,float,2696400,215.33,2690400,215.81
339738624,84934656,float,2695200,216.09,2698300,215.84
340787200,85196800,float,2699400,216.42,2702400,216.18
341835776,85458944,float,2708600,216.35,2710800,216.17
342884352,85721088,float,2701200,217.61,2695300,218.09
343932928,85983232,float,2698300,218.51,2700100,218.36
344981504,86245376,float,2685600,220.21,2695200,219.43
346030080,86507520,float,2713200,218.63,2712200,218.71
347078656,86769664,float,2698300,220.51,2695500,220.74
348127232,87031808,float,2714100,219.89,2710000,220.22
349175808,87293952,float,2701300,221.59,2696100,222.02
350224384,87556096,float,2784600,215.61,2778800,216.06
351272960,87818240,float,2793100,215.59,2786800,216.09
352321536,88080384,float,2715700,222.40,2720900,221.98
353370112,88342528,float,2823400,214.55,2822700,214.61
354418688,88604672,float,2830300,214.67,2829800,214.71
355467264,88866816,float,2832300,215.15,2830000,215.33
356515840,89128960,float,2837500,215.39,2836500,215.47
357564416,89391104,float,2841600,215.71,2838300,215.96
358612992,89653248,float,2855200,215.32,2853700,215.43
359661568,89915392,float,2857400,215.78,2854100,216.03
360710144,90177536,float,2854700,216.61,2855900,216.52
361758720,90439680,float,2859300,216.89,2857900,217.00
362807296,90701824,float,2859600,217.50,2860500,217.43
363855872,90963968,float,2862800,217.88,2863900,217.80
364904448,91226112,float,2869500,218.00,2868900,218.05
365953024,91488256,float,2870700,218.54,2872100,218.42
367001600,91750400,float,2877900,218.61,2877500,218.65
368050176,92012544,float,2882600,218.88,2882400,218.89
369098752,92274688,float,2890100,218.93,2888900,219.02
370147328,92536832,float,2892800,219.35,2892500,219.37
371195904,92798976,float,2897000,219.66,2897000,219.65
372244480,93061120,float,2916400,218.81,2917600,218.72
373293056,93323264,float,2930100,218.40,2927300,218.61
374341632,93585408,float,2913400,220.26,2914800,220.16
375390208,93847552,float,2949100,218.21,2944400,218.56
376438784,94109696,float,2954800,218.40,2952900,218.54
377487360,94371840,float,2962300,218.45,2962500,218.44
378535936,94633984,float,2968000,218.64,2968500,218.61
379584512,94896128,float,2973400,218.85,2970500,219.06
380633088,95158272,float,2979700,218.99,2976600,219.21
381681664,95420416,float,2983400,219.32,2986100,219.12
382730240,95682560,float,2992300,219.27,2990700,219.38
383778816,95944704,float,2995200,219.65,2996100,219.59
384827392,96206848,float,2997400,220.09,3000000,219.90
385875968,96468992,float,3006300,220.04,3005300,220.11
386924544,96731136,float,3015700,219.95,3011900,220.23
387973120,96993280,float,3018400,220.35,3013700,220.69
389021696,97255424,float,3018800,220.91,3019400,220.87
390070272,97517568,float,3029100,220.76,3030100,220.68
391118848,97779712,float,3037600,220.73,3034400,220.96
392167424,98041856,float,3039700,221.17,3038200,221.28
393216000,98304000,float,3048500,221.12,3042200,221.58
394264576,98566144,float,3078900,219.52,3074100,219.87
395313152,98828288,float,3085200,219.65,3082900,219.82
396361728,99090432,float,3065400,221.66,3062800,221.85
397410304,99352576,float,3102100,219.62,3101000,219.70
398458880,99614720,float,3109800,219.65,3107500,219.82
399507456,99876864,float,3120400,219.48,3115400,219.83
400556032,100139008,float,3121400,219.99,3121100,220.01
401604608,100401152,float,3126400,220.21,3125200,220.29
402653184,100663296,float,3129200,220.59,3129100,220.59
403701760,100925440,float,3138700,220.49,3137200,220.60
404750336,101187584,float,3143800,220.71,3143100,220.75
405798912,101449728,float,3145900,221.13,3141600,221.43
406847488,101711872,float,3154100,221.13,3148400,221.53
407896064,101974016,float,3160800,221.23,3160600,221.24
408944640,102236160,float,3164600,221.53,3164600,221.53
409993216,102498304,float,3168600,221.82,3169200,221.78
411041792,102760448,float,3172000,222.15,3172400,222.12
412090368,103022592,float,3184700,221.82,3182600,221.97
413138944,103284736,float,3190100,222.01,3187000,222.22
414187520,103546880,float,3193600,222.33,3193700,222.32
415236096,103809024,float,3200700,222.40,3197500,222.62
416284672,104071168,float,3226900,221.15,3223800,221.36
417333248,104333312,float,3238100,220.94,3235000,221.16
418381824,104595456,float,3224500,222.43,3220800,222.68
419430400,104857600,float,3251400,221.14,3250800,221.18
420478976,105119744,float,3259000,221.18,3261200,221.03
421527552,105381888,float,3271100,220.91,3270000,220.98
422576128,105644032,float,3276200,221.11,3274300,221.25
423624704,105906176,float,3279900,221.42,3278700,221.49
424673280,106168320,float,3287000,221.48,3282200,221.81
425721856,106430464,float,3293400,221.59,3294100,221.55
426770432,106692608,float,3299200,221.75,3302500,221.53
427819008,106954752,float,3303200,222.03,3302700,222.06
428867584,107216896,float,3311500,222.01,3309700,222.14
429916160,107479040,float,3318200,222.11,3316100,222.25
430964736,107741184,float,3324600,222.22,3324300,222.24
432013312,108003328,float,3331400,222.31,3324800,222.75
433061888,108265472,float,3335000,222.61,3331700,222.83
434110464,108527616,float,3343600,222.57,3341000,222.74
435159040,108789760,float,3351000,222.61,3353200,222.47
436207616,109051904,float,3357100,222.75,3351600,223.12
437256192,109314048,float,3362700,222.91,3364100,222.82
438304768,109576192,float,3386800,221.85,3386100,221.90
439353344,109838336,float,3397900,221.66,3395100,221.84
440401920,110100480,float,3384000,223.10,3381400,223.28
441450496,110362624,float,3410000,221.93,3414700,221.62
442499072,110624768,float,3424200,221.53,3425000,221.48
443547648,110886912,float,3434700,221.38,3429200,221.73
444596224,111149056,float,3441700,221.45,3438500,221.65
445644800,111411200,float,3441500,221.99,3440000,222.09
446693376,111673344,float,3449300,222.00,3446800,222.17
447741952,111935488,float,3459300,221.88,3459900,221.84
448790528,112197632,float,3466200,221.96,3462000,222.23
449839104,112459776,float,3463700,222.64,3465700,222.51
450887680,112721920,float,3472000,222.63,3467200,222.93
451936256,112984064,float,3479000,222.69,3481700,222.52
452984832,113246208,float,3487400,222.67,3483100,222.94
454033408,113508352,float,3488500,223.11,3491500,222.92
455081984,113770496,float,3495600,223.18,3495500,223.18
456130560,114032640,float,3504400,223.13,3504200,223.14
457179136,114294784,float,3513800,223.04,3514500,223.00
458227712,114556928,float,3516500,223.38,3515100,223.47
459276288,114819072,float,3522300,223.53,3523100,223.48
460324864,115081216,float,3552100,222.16,3549800,222.30
461373440,115343360,float,3563600,221.95,3561400,222.08
462422016,115605504,float,3542100,223.80,3543300,223.73
463470592,115867648,float,3576400,222.16,3574000,222.31
464519168,116129792,float,3583200,222.24,3586300,222.04
465567744,116391936,float,3596000,221.95,3600200,221.69
466616320,116654080,float,3605200,221.88,3603300,222.00
467664896,116916224,float,3605500,222.36,3607400,222.24
468713472,117178368,float,3610400,222.56,3619300,222.01
469762048,117440512,float,3623100,222.27,3622400,222.31
470810624,117702656,float,3626400,222.56,3625900,222.59
471859200,117964800,float,3631700,222.73,3631600,222.74
472907776,118226944,float,3639300,222.76,3631000,223.27
473956352,118489088,float,3643900,222.97,3639200,223.26
475004928,118751232,float,3651600,222.99,3650300,223.08
476053504,119013376,float,3652900,223.41,3650400,223.56
477102080,119275520,float,3658600,223.56,3658800,223.54
478150656,119537664,float,3670400,223.32,3672900,223.17
479199232,119799808,float,3677900,223.35,3671500,223.75
480247808,120061952,float,3675600,223.99,3676300,223.94
481296384,120324096,float,3683400,224.00,3682300,224.07
482344960,120586240,float,3713400,222.67,3715500,222.55
483393536,120848384,float,3725400,222.44,3723800,222.53
484442112,121110528,float,3703800,224.22,3703600,224.24
485490688,121372672,float,3736800,222.73,3736600,222.73
486539264,121634816,float,3752000,222.30,3748800,222.49
487587840,121896960,float,3762400,222.16,3757400,222.46
488636416,122159104,float,3768200,222.30,3767800,222.32
489684992,122421248,float,3771500,222.58,3768900,222.73
490733568,122683392,float,3773900,222.91,3778400,222.65
491782144,122945536,float,3789200,222.49,3783900,222.80
492830720,123207680,float,3790200,222.90,3792700,222.76
493879296,123469824,float,3792300,223.26,3793700,223.17
494927872,123731968,float,3800400,223.25,3794200,223.62
495976448,123994112,float,3810000,223.16,3806900,223.35
497025024,124256256,float,3810300,223.61,3812200,223.51
498073600,124518400,float,3812100,223.98,3814200,223.86
499122176,124780544,float,3823300,223.80,3820300,223.97
500170752,125042688,float,3828000,223.99,3833200,223.69
501219328,125304832,float,3835900,224.00,3835500,224.02
502267904,125566976,float,3844700,223.95,3837900,224.35
503316480,125829120,float,3846900,224.29,3844700,224.42
504365056,126091264,float,3875500,223.10,3875400,223.10
505413632,126353408,float,3891700,222.64,3892700,222.58
506462208,126615552,float,3867400,224.49,3863200,224.74
507510784,126877696,float,3897100,223.25,3899700,223.10
508559360,127139840,float,3906900,223.15,3912900,222.80
509607936,127401984,float,3924200,222.62,3923100,222.69
510656512,127664128,float,3926400,222.95,3928300,222.85
511705088,127926272,float,3933500,223.01,3933600,223.00
512753664,128188416,float,3942100,222.98,3939500,223.12
513802240,128450560,float,3951100,222.92,3947000,223.16
514850816,128712704,float,3954800,223.17,3954700,223.18
515899392,128974848,float,3953500,223.70,3960900,223.28
516947968,129236992,float,3963400,223.60,3952900,224.19
517996544,129499136,float,3970100,223.67,3966300,223.88
519045120,129761280,float,3975100,223.84,3980400,223.54
520093696,130023424,float,3978400,224.11,3973300,224.40
521142272,130285568,float,3980500,224.44,3984300,224.23
522190848,130547712,float,3992800,224.20,3996500,223.99
523239424,130809856,float,3993600,224.60,3997600,224.38
524288000,131072000,float,3999100,224.75,4000400,224.67
525336576,131334144,float,4007000,224.75,4008300,224.68
526385152,131596288,float,4040400,223.34,4040000,223.36
527433728,131858432,float,4045000,223.53,4042000,223.69
528482304,132120576,float,4028600,224.88,4027000,224.97
529530880,132382720,float,4058900,223.65,4055000,223.86
530579456,132644864,float,4066900,223.65,4066200,223.69
531628032,132907008,float,4082700,223.22,4090900,222.78
532676608,133169152,float,4089500,223.29,4088100,223.37
533725184,133431296,float,4094700,223.45,4092800,223.55
534773760,133693440,float,4100000,223.60,4102300,223.47
535822336,133955584,float,4107399,223.64,4105800,223.72
536870912,134217728,float,4106000,224.14,4113700,223.73
537919488,134479872,float,4110300,224.35,4111399,224.29
538968064,134742016,float,4116899,224.43,4120700,224.22
540016640,135004160,float,4128399,224.24,4125100,224.42
541065216,135266304,float,4133899,224.38,4130700,224.55
542113792,135528448,float,4138399,224.56,4139800,224.49
543162368,135790592,float,4142399,224.78,4145899,224.59
544210944,136052736,float,4152600,224.66,4153200,224.63
545259520,136314880,float,4159399,224.72,4156899,224.86
546308096,136577024,float,4163500,224.94,4163899,224.91
547356672,136839168,float,4168700,225.09,4171300,224.95
548405248,137101312,float,4195400,224.08,4194500,224.13
549453824,137363456,float,4199100,224.32,4204500,224.03
550502400,137625600,float,4192899,225.07,4191600,225.15
551550976,137887744,float,4221600,223.97,4218300,224.15
552599552,138149888,float,4233700,223.76,4225800,224.17
553648128,138412032,float,4240500,223.82,4237700,223.97
554696704,138674176,float,4250700,223.71,4249200,223.79
555745280,138936320,float,4254200,223.95,4247100,224.32
556793856,139198464,float,4256900,224.22,4262100,223.95
557842432,139460608,float,4261200,224.42,4273100,223.79
558891008,139722752,float,4267600,224.51,4267300,224.52
559939584,139984896,float,4270400,224.78,4275500,224.51
560988160,140247040,float,4282700,224.55,4277000,224.85
562036736,140509184,float,4288500,224.67,4286400,224.78
563085312,140771328,float,4292200,224.89,4291100,224.95
564133888,141033472,float,4297200,225.05,4299000,224.95
565182464,141295616,float,4305900,225.01,4302300,225.20
566231040,141557760,float,4313100,225.05,4317700,224.82
567279616,141819904,float,4318700,225.18,4322100,225.00
568328192,142082048,float,4326400,225.19,4323600,225.34
569376768,142344192,float,4330800,225.38,4330500,225.40
570425344,142606336,float,4354400,224.57,4355600,224.51
571473920,142868480,float,4366000,224.39,4368400,224.27
572522496,143130624,float,4354300,225.40,4351800,225.53
573571072,143392768,float,4378100,224.59,4383600,224.31
574619648,143654912,float,4386800,224.55,4391100,224.33
575668224,143917056,float,4400200,224.28,4402500,224.16
576716800,144179200,float,4407300,224.32,4405800,224.40
577765376,144441344,float,4413000,224.44,4411100,224.54
578813952,144703488,float,4418500,224.57,4414600,224.76
579862528,144965632,float,4426300,224.58,4424500,224.67
580911104,145227776,float,4427400,224.93,4433600,224.61
581959680,145489920,float,4434400,224.98,4438100,224.79
583008256,145752064,float,4434500,225.38,4444200,224.89
584056832,146014208,float,4449800,225.01,4451900,224.90
585105408,146276352,float,4453000,225.25,4453500,225.22
586153984,146538496,float,4464100,225.09,4461200,225.24
587202560,146800640,float,4465800,225.41,4464700,225.46
588251136,147062784,float,4474900,225.35,4476000,225.30
589299712,147324928,float,4485800,225.21,4478600,225.57
590348288,147587072,float,4487000,225.55,4493900,225.20
591396864,147849216,float,4495700,225.51,4494600,225.57
592445440,148111360,float,4519000,224.74,4512900,225.05
593494016,148373504,float,4530800,224.56,4523700,224.91
594542592,148635648,float,4519900,225.50,4520100,225.49
595591168,148897792,float,4540000,224.89,4538300,224.98
596639744,149159936,float,4547100,224.94,4551800,224.71
597688320,149422080,float,4563200,224.54,4570300,224.19
598736896,149684224,float,4567600,224.71,4566100,224.79
599785472,149946368,float,4570400,224.97,4570800,224.95
600834048,150208512,float,4576000,225.09,4576900,225.04
601882624,150470656,float,4586200,224.98,4587200,224.93
602931200,150732800,float,4590600,225.15,4595500,224.92
603979776,150994944,float,4595300,225.31,4594900,225.33
605028352,151257088,float,4605800,225.19,4605200,225.22
606076928,151519232,float,4614100,225.18,4619500,224.91
607125504,151781376,float,4616500,225.45,4620700,225.24
608174080,152043520,float,4620500,225.64,4625700,225.39
609222656,152305664,float,4629300,225.60,4631700,225.49
610271232,152567808,float,4643500,225.30,4637200,225.61
611319808,152829952,float,4647700,225.48,4644500,225.64
612368384,153092096,float,4653700,225.58,4650200,225.75
613416960,153354240,float,4658400,225.74,4655600,225.87
614465536,153616384,float,4676100,225.27,4682400,224.96
615514112,153878528,float,4689400,225.01,4684600,225.24
616562688,154140672,float,4683200,225.69,4684900,225.61
617611264,154402816,float,4701400,225.20,4706700,224.95
618659840,154664960,float,4711400,225.11,4710100,225.17
619708416,154927104,float,4719200,225.11,4722500,224.96
620756992,155189248,float,4723500,225.29,4730300,224.97
621805568,155451392,float,4731700,225.28,4732800,225.23
622854144,155713536,float,4738700,225.32,4738900,225.31
623902720,155975680,float,4747400,225.29,4749900,225.17
624951296,156237824,float,4755800,225.27,4754500,225.33
625999872,156499968,float,4766000,225.17,4758100,225.54
627048448,156762112,float,4762700,225.70,4764900,225.59
628097024,157024256,float,4775200,225.48,4774200,225.53
629145600,157286400,float,4783500,225.47,4782400,225.52
630194176,157548544,float,4789700,225.55,4785200,225.76
631242752,157810688,float,4792000,225.82,4793800,225.74
632291328,158072832,float,4801000,225.77,4808400,225.43
633339904,158334976,float,4807000,225.86,4804500,225.98
634388480,158597120,float,4817800,225.73,4818600,225.69
635437056,158859264,float,4823300,225.85,4822600,225.88
636485632,159121408,float,4841000,225.39,4842800,225.31
637534208,159383552,float,4849800,225.35,4849700,225.36
638582784,159645696,float,4844300,225.98,4848900,225.77
639631360,159907840,float,4865400,225.37,4867600,225.27
640679936,160169984,float,4876400,225.23,4870800,225.49
641728512,160432128,float,4885800,225.16,4886900,225.11
642777088,160694272,float,4899300,224.91,4891800,225.25
643825664,160956416,float,4896300,225.41,4893000,225.57
644874240,161218560,float,4900400,225.59,4903100,225.47
645922816,161480704,float,4910800,225.48,4906500,225.68
646971392,161742848,float,4922200,225.33,4915800,225.62
648019968,162004992,float,4923100,225.65,4919000,225.84
649068544,162267136,float,4929300,225.73,4928600,225.76
650117120,162529280,float,4933800,225.89,4940800,225.57
651165696,162791424,float,4945300,225.73,4943500,225.81
652214272,163053568,float,4949600,225.89,4953700,225.71
653262848,163315712,float,4956200,225.95,4953300,226.09
654311424,163577856,float,4966100,225.87,4966900,225.83
655360000,163840000,float,4976600,225.75,4970500,226.03
656408576,164102144,float,4978300,226.03,4977900,226.06
657457152,164364288,float,4984300,226.13,4983000,226.18
658505728,164626432,float,5005100,225.54,5002200,225.67
659554304,164888576,float,5012800,225.55,5013800,225.51
660602880,165150720,float,5013800,225.87,5018000,225.68
661651456,165412864,float,5031400,225.44,5025600,225.70
662700032,165675008,float,5036300,225.57,5039700,225.42
663748608,165937152,float,5045600,225.51,5049300,225.35
664797184,166199296,float,5055900,225.41,5055200,225.44
665845760,166461440,float,5054400,225.83,5057600,225.69
666894336,166723584,float,5060600,225.91,5067100,225.62
667942912,166985728,float,5078500,225.47,5077900,225.49
668991488,167247872,float,5082300,225.66,5084300,225.57
670040064,167510016,float,5085600,225.86,5086000,225.84
671088640,167772160,float,5091200,225.97,5093000,225.88
672137216,168034304,float,5100900,225.89,5105400,225.69
673185792,168296448,float,5108100,225.92,5109200,225.87
674234368,168558592,float,5109600,226.21,5116400,225.91
675282944,168820736,float,5117800,226.20,5119500,226.12
676331520,169082880,float,5128000,226.10,5129300,226.04
677380096,169345024,float,5131900,226.27,5138300,225.99
678428672,169607168,float,5138500,226.33,5141900,226.18
679477248,169869312,float,5152700,226.06,5151200,226.13
680525824,170131456,float,5169000,225.70,5167400,225.76
681574400,170393600,float,5176100,225.73,5178800,225.62
682622976,170655744,float,5169100,226.39,5174600,226.15
683671552,170917888,float,5188300,225.90,5187200,225.94
684720128,171180032,float,5198500,225.80,5200100,225.73
685768704,171442176,float,5217100,225.34,5212100,225.55
686817280,171704320,float,5214100,225.81,5214600,225.79
687865856,171966464,float,5223000,225.77,5223100,225.77
688914432,172228608,float,5232000,225.73,5228600,225.87
689963008,172490752,float,5236100,225.89,5241400,225.66
691011584,172752896,float,5240900,226.03,5246400,225.79
692060160,173015040,float,5249100,226.02,5249400,226.01
693108736,173277184,float,5251000,226.28,5252800,226.20
694157312,173539328,float,5266200,225.97,5268300,225.88
695205888,173801472,float,5269400,226.17,5271000,226.10
696254464,174063616,float,5279100,226.10,5279300,226.09
697303040,174325760,float,5280600,226.37,5284900,226.19
698351616,174587904,float,5295900,226.06,5290900,226.27
699400192,174850048,float,5300800,226.19,5303500,226.07
700448768,175112192,float,5309400,226.16,5307600,226.23
701497344,175374336,float,5315600,226.23,5313100,226.34
702545920,175636480,float,5326600,226.10,5329200,226.00
703594496,175898624,float,5340900,225.84,5342300,225.77
704643072,176160768,float,5337500,226.32,5341600,226.14
705691648,176422912,float,5447800,222.07,5446600,222.11
706740224,176685056,float,5452600,222.20,5452700,222.19
707788800,176947200,float,5457200,222.34,5453700,222.48
708837376,177209344,float,5462600,222.45,5460500,222.54
709885952,177471488,float,5467400,222.58,5467700,222.57
710934528,177733632,float,5480400,222.38,5477000,222.52
711983104,177995776,float,5479900,222.73,5479800,222.74
713031680,178257920,float,5480300,223.04,5482200,222.97
714080256,178520064,float,5480400,223.36,5484400,223.20
715128832,178782208,float,5488900,223.35,5491600,223.24
716177408,179044352,float,5488000,223.71,5489900,223.64
717225984,179306496,float,5494700,223.77,5495300,223.74
718274560,179568640,float,5497800,223.97,5499200,223.91
719323136,179830784,float,5505800,223.97,5505300,223.99
720371712,180092928,float,5511300,224.07,5511900,224.05
721420288,180355072,float,5516500,224.19,5514000,224.29
722468864,180617216,float,5522800,224.25,5518800,224.42
723517440,180879360,float,5526800,224.42,5525200,224.48
724566016,181141504,float,5542600,224.10,5544100,224.04
725614592,181403648,float,5554500,223.95,5555600,223.90
726663168,181665792,float,5546900,224.58,5543200,224.73
727711744,181927936,float,5574200,223.80,5571100,223.92
728760320,182190080,float,5577900,223.97,5580900,223.86
729808896,182452224,float,5588800,223.86,5589200,223.84
730857472,182714368,float,5597300,223.84,5591900,224.06
731906048,182976512,float,5598700,224.11,5599400,224.08
732954624,183238656,float,5604600,224.19,5603500,224.23
734003200,183500800,float,5613700,224.15,5613600,224.15
735051776,183762944,float,5615200,224.41,5617900,224.30
736100352,184025088,float,5616400,224.68,5618700,224.59
737148928,184287232,float,5627800,224.55,5625300,224.64
738197504,184549376,float,5629900,224.78,5634200,224.61
739246080,184811520,float,5633600,224.95,5642200,224.61
740294656,185073664,float,5640700,224.98,5642000,224.93
741343232,185335808,float,5647800,225.02,5645100,225.13
742391808,185597952,float,5657500,224.95,5655100,225.05
743440384,185860096,float,5665300,224.96,5661700,225.10
744488960,186122240,float,5665700,225.26,5664600,225.31
745537536,186384384,float,5671000,225.37,5673800,225.26
746586112,186646528,float,5695800,224.70,5700500,224.52
747634688,186908672,float,5708000,224.54,5707500,224.56
748683264,187170816,float,5692400,225.47,5691700,225.49
749731840,187432960,float,5725600,224.48,5723500,224.56
750780416,187695104,float,5728100,224.69,5727900,224.70
751828992,187957248,float,5735100,224.73,5735100,224.73
752877568,188219392,float,5743700,224.71,5741100,224.81
753926144,188481536,float,5747300,224.88,5748800,224.82
754974720,188743680,float,5749300,225.11,5751200,225.04
756023296,189005824,float,5755400,225.19,5756100,225.16
757071872,189267968,float,5762000,225.24,5766000,225.09
758120448,189530112,float,5763800,225.48,5765800,225.40
759169024,189792256,float,5770300,225.54,5768600,225.61
760217600,190054400,float,5784400,225.30,5777200,225.58
761266176,190316544,float,5787800,225.48,5788100,225.47
762314752,190578688,float,5789600,225.72,5788900,225.75
763363328,190840832,float,5796800,225.75,5794000,225.86
764411904,191102976,float,5808200,225.62,5802700,225.83
765460480,191365120,float,5811000,225.82,5810600,225.83
766509056,191627264,float,5815400,225.95,5812300,226.08
767557632,191889408,float,5822800,225.98,5823300,225.96
768606208,192151552,float,5853400,225.10,5847800,225.32
769654784,192413696,float,5859700,225.17,5855400,225.33
770703360,192675840,float,5844900,226.05,5844100,226.07
771751936,192937984,float,5870300,225.37,5871400,225.33
772800512,193200128,float,5881900,225.23,5878100,225.38
773849088,193462272,float,5887600,225.32,5891100,225.19
774897664,193724416,float,5896400,225.29,5892200,225.45
775946240,193986560,float,5898700,225.50,5898000,225.53
776994816,194248704,float,5902900,225.65,5900800,225.73
778043392,194510848,float,5912800,225.58,5910900,225.65
779091968,194772992,float,5917800,225.69,5918400,225.67
780140544,195035136,float,5922300,225.82,5921300,225.86
781189120,195297280,float,5931800,225.76,5934100,225.67
782237696,195559424,float,5937600,225.85,5938200,225.82
783286272,195821568,float,5942500,225.96,5941600,226.00
784334848,196083712,float,5947600,226.07,5945500,226.15
785383424,196345856,float,5953200,226.16,5951900,226.21
786432000,196608000,float,5963300,226.08,5960800,226.17
787480576,196870144,float,5969200,226.16,5967700,226.21
788529152,197132288,float,5972000,226.35,5974000,226.27
789577728,197394432,float,5980700,226.32,5980000,226.35
790626304,197656576,float,6006300,225.66,6006900,225.63
791674880,197918720,float,6013900,225.67,6011600,225.76
792723456,198180864,float,6000200,226.49,6000600,226.47
793772032,198443008,float,6032300,225.58,6029900,225.67
794820608,198705152,float,6038700,225.63,6035700,225.75
795869184,198967296,float,6044500,225.72,6045400,225.68
796917760,199229440,float,6051500,225.75,6053400,225.68
797966336,199491584,float,6055000,225.92,6055800,225.89
799014912,199753728,float,6062800,225.92,6061700,225.96
800063488,200015872,float,6074700,225.78,6070900,225.92
801112064,200278016,float,6075800,226.03,6074500,226.08
802160640,200540160,float,6083100,226.06,6079800,226.18
803209216,200802304,float,6085900,226.25,6086100,226.24
804257792,201064448,float,6095300,226.20,6095400,226.19
805306368,201326592,float,6102600,226.22,6102100,226.24
806354944,201588736,float,6104600,226.44,6104400,226.45
807403520,201850880,float,6110100,226.53,6114300,226.38
808452096,202113024,float,6122000,226.38,6122800,226.35
809500672,202375168,float,6131000,226.34,6128000,226.45
810549248,202637312,float,6128600,226.72,6131100,226.63
811597824,202899456,float,6135600,226.76,6138700,226.64
812646400,203161600,float,6158900,226.19,6163100,226.04
813694976,203423744,float,6171200,226.04,6171400,226.03
814743552,203685888,float,6158900,226.78,6155500,226.90
815792128,203948032,float,6183700,226.16,6188400,225.99
816840704,204210176,float,6193600,226.09,6194400,226.06
817889280,204472320,float,6202800,226.04,6205800,225.93
818937856,204734464,float,6213000,225.96,6210200,226.06
819986432,204996608,float,6213400,226.24,6211600,226.30
821035008,205258752,float,6219100,226.32,6221600,226.23
822083584,205520896,float,6228800,226.25,6225900,226.36
823132160,205783040,float,6239500,226.15,6234600,226.33
824180736,206045184,float,6245800,226.21,6239500,226.44
825229312,206307328,float,6240800,226.68,6245400,226.51
826277888,206569472,float,6251800,226.57,6253300,226.52
827326464,206831616,float,6260500,226.54,6260300,226.55
828375040,207093760,float,6264500,226.68,6259000,226.88
829423616,207355904,float,6270600,226.75,6270300,226.76
830472192,207618048,float,6277300,226.80,6277200,226.80
831520768,207880192,float,6279000,227.02,6286600,226.75
832569344,208142336,float,6289100,226.94,6290300,226.90
833617920,208404480,float,6297700,226.92,6296200,226.97
834666496,208666624,float,6322500,226.31,6318300,226.46
835715072,208928768,float,6326900,226.44,6327000,226.43
836763648,209190912,float,6313300,227.21,6318200,227.04
837812224,209453056,float,6344500,226.38,6343100,226.43
838860800,209715200,float,6347400,226.56,6350500,226.45
839909376,209977344,float,6363500,226.27,6361700,226.33
840957952,210239488,float,6370500,226.30,6370400,226.30
842006528,210501632,float,6374900,226.43,6372700,226.50
843055104,210763776,float,6376800,226.64,6379900,226.53
844103680,211025920,float,6387200,226.55,6388200,226.52
845152256,211288064,float,6393600,226.61,6393100,226.62
846200832,211550208,float,6399900,226.66,6396500,226.78
847249408,211812352,float,6402100,226.87,6401900,226.87
848297984,212074496,float,6410800,226.84,6411500,226.82
849346560,212336640,float,6417500,226.88,6422300,226.71
850395136,212598784,float,6418200,227.14,6420200,227.07
851443712,212860928,float,6431200,226.96,6424200,227.21
852492288,213123072,float,6436400,227.05,6436900,227.04
853540864,213385216,float,6440700,227.18,6442900,227.10
854589440,213647360,float,6452000,227.06,6449300,227.16
855638016,213909504,float,6454400,227.26,6451700,227.35
856686592,214171648,float,6480000,226.64,6475200,226.80
857735168,214433792,float,6487000,226.67,6488400,226.62
858783744,214695936,float,6472000,227.47,6474800,227.38
859832320,214958080,float,6497800,226.85,6504000,226.63
860880896,215220224,float,6511800,226.63,6508800,226.74
861929472,215482368,float,6523500,226.50,6522400,226.54
862978048,215744512,float,6529100,226.58,6526400,226.68
864026624,216006656,float,6536400,226.61,6530900,226.80
865075200,216268800,float,6539600,226.77,6534900,226.93
866123776,216530944,float,6549900,226.69,6547300,226.78
867172352,216793088,float,6555600,226.76,6551100,226.92
868220928,217055232,float,6557600,226.97,6555400,227.05
869269504,217317376,float,6562500,227.08,6560100,227.16
870318080,217579520,float,6572400,227.01,6568700,227.13
871366656,217841664,float,6577200,227.11,6573700,227.23
872415232,218103808,float,6577500,227.38,6579900,227.30
873463808,218365952,float,6584200,227.42,6585600,227.37
874512384,218628096,float,6597000,227.25,6598000,227.22
875560960,218890240,float,6606400,227.20,6602800,227.32
876609536,219152384,float,6604700,227.53,6608500,227.40
877658112,219414528,float,6612600,227.53,6615800,227.42
878706688,219676672,float,6636400,226.98,6635600,227.01
879755264,219938816,float,6646200,226.92,6641900,227.07
880803840,220200960,float,6635500,227.56,6635500,227.56
881852416,220463104,float,6661700,226.93,6657800,227.07
882900992,220725248,float,6664200,227.12,6666200,227.05
883949568,220987392,float,6679700,226.86,6678500,226.90
884998144,221249536,float,6685000,226.95,6685300,226.94
886046720,221511680,float,6690100,227.04,6687700,227.12
887095296,221773824,float,6694900,227.15,6697400,227.06
888143872,222035968,float,6706300,227.03,6705000,227.07
889192448,222298112,float,6712900,227.07,6707000,227.27
890241024,222560256,float,6713300,227.33,6712900,227.34
891289600,222822400,float,6719900,227.37,6718900,227.41
892338176,223084544,float,6727900,227.37,6729500,227.32
893386752,223346688,float,6733400,227.45,6737300,227.32
894435328,223608832,float,6742400,227.41,6736700,227.61
895483904,223870976,float,6745700,227.57,6745800,227.57
896532480,224133120,float,6755000,227.52,6756300,227.48
897581056,224395264,float,6759000,227.65,6763100,227.52
898629632,224657408,float,6769300,227.57,6765300,227.71
899678208,224919552,float,6772200,227.74,6770000,227.82
900726784,225181696,float,6794500,227.26,6795500,227.22
901775360,225443840,float,6799900,227.34,6800100,227.33
902823936,225705984,float,6795100,227.77,6793200,227.83
903872512,225968128,float,6818000,227.26,6816600,227.31
904921088,226230272,float,6823000,227.36,6827800,227.20
905969664,226492416,float,6836600,227.17,6837100,227.16
907018240,226754560,float,6845500,227.14,6842200,227.25
908066816,227016704,float,6847700,227.33,6843900,227.45
909115392,227278848,float,6856700,227.29,6851400,227.47
910163968,227540992,float,6859900,227.45,6859700,227.46
911212544,227803136,float,6870100,227.37,6870600,227.36
912261120,228065280,float,6868300,227.69,6870300,227.63
913309696,228327424,float,6880300,227.56,6878900,227.61
914358272,228589568,float,6884800,227.67,6884200,227.69
915406848,228851712,float,6892900,227.66,6893600,227.64
916455424,229113856,float,6898000,227.76,6900300,227.68
917504000,229376000,float,6905100,227.78,6906300,227.74
918552576,229638144,float,6920100,227.55,6914600,227.73
919601152,229900288,float,6924100,227.68,6922700,227.72
920649728,230162432,float,6927700,227.82,6927900,227.81
921698304,230424576,float,6935000,227.84,6932400,227.92
922746880,230686720,float,6951500,227.56,6946500,227.72
923795456,230948864,float,6957700,227.61,6967300,227.30
924844032,231211008,float,6955300,227.95,6957700,227.87
925892608,231473152,float,6974200,227.59,6973200,227.62
926941184,231735296,float,6985200,227.49,6980000,227.66
927989760,231997440,float,6991100,227.55,7001500,227.21
929038336,232259584,float,7001900,227.46,7002100,227.45
930086912,232521728,float,7010200,227.44,7009400,227.47
931135488,232783872,float,7009500,227.72,7012100,227.64
932184064,233046016,float,7016500,227.75,7019800,227.65
933232640,233308160,float,7026700,227.68,7028100,227.63
934281216,233570304,float,7029200,227.85,7032100,227.76
935329792,233832448,float,7036400,227.87,7035100,227.92
936378368,234094592,float,7046600,227.80,7051100,227.66
937426944,234356736,float,7053200,227.84,7055700,227.76
938475520,234618880,float,7057600,227.96,7058800,227.92
939524096,234881024,float,7067000,227.91,7063700,228.01
940572672,235143168,float,7077400,227.83,7076800,227.84
941621248,235405312,float,7081500,227.95,7080600,227.98
942669824,235667456,float,7088000,227.99,7088000,227.99
943718400,235929600,float,7092100,228.11,7093500,228.07
944766976,236191744,float,7113000,227.70,7111500,227.74
945815552,236453888,float,7115600,227.87,7117300,227.81
946864128,236716032,float,7117300,228.06,7119400,227.99
947912704,236978176,float,7132200,227.84,7137700,227.66
948961280,237240320,float,7142000,227.78,7144900,227.68
950009856,237502464,float,7152300,227.70,7156100,227.58
951058432,237764608,float,7159500,227.72,7160500,227.69
952107008,238026752,float,7163000,227.86,7162700,227.87
953155584,238288896,float,7171900,227.83,7174400,227.75
954204160,238551040,float,7179200,227.85,7178600,227.87
955252736,238813184,float,7183900,227.95,7189400,227.78
956301312,239075328,float,7193000,227.91,7195900,227.82
957349888,239337472,float,7194500,228.11,7200400,227.93
958398464,239599616,float,7207800,227.94,7208300,227.93
959447040,239861760,float,7213300,228.02,7215700,227.94
960495616,240123904,float,7216000,228.18,7219700,228.06
961544192,240386048,float,7227300,228.07,7231000,227.96
962592768,240648192,float,7237800,227.99,7233100,228.14
963641344,240910336,float,7242500,228.09,7246900,227.95
964689920,241172480,float,7250100,228.10,7249000,228.14
965738496,241434624,float,7259700,228.05,7257700,228.11
966787072,241696768,float,7270700,227.95,7277900,227.72
967835648,241958912,float,7281000,227.87,7279100,227.93
968884224,242221056,float,7276900,228.25,7278600,228.20
969932800,242483200,float,7293000,227.99,7298500,227.82
970981376,242745344,float,7304700,227.87,7301500,227.97
972029952,243007488,float,7316700,227.74,7314700,227.81
973078528,243269632,float,7322400,227.81,7320200,227.88
974127104,243531776,float,7320600,228.11,7325300,227.97
975175680,243793920,float,7335900,227.88,7329700,228.08
976224256,244056064,float,7344800,227.85,7344200,227.87
977272832,244318208,float,7349700,227.94,7349700,227.94
978321408,244580352,float,7355300,228.02,7353000,228.09
979369984,244842496,float,7360900,228.09,7359500,228.13
980418560,245104640,float,7368400,228.10,7371300,228.01
981467136,245366784,float,7376400,228.09,7377800,228.05
982515712,245628928,float,7382400,228.15,7384100,228.10
983564288,245891072,float,7392200,228.09,7389800,228.17
984612864,246153216,float,7397100,228.19,7402100,228.03
985661440,246415360,float,7409000,228.06,7408900,228.06
986710016,246677504,float,7412300,228.20,7412800,228.19
987758592,246939648,float,7420500,228.19,7419400,228.22
988807168,247201792,float,7431300,228.10,7432500,228.06
989855744,247463936,float,7441700,228.03,7447900,227.84
990904320,247726080,float,7441400,228.28,7444100,228.19
991952896,247988224,float,7458300,228.00,7454400,228.12
993001472,248250368,float,7462500,228.11,7462000,228.13
994050048,248512512,float,7474600,227.98,7473600,228.01
995098624,248774656,float,7481600,228.01,7483500,227.95
996147200,249036800,float,7485900,228.12,7492600,227.92
997195776,249298944,float,7493600,228.13,7493000,228.14
998244352,249561088,float,7503700,228.06,7504400,228.04
999292928,249823232,float,7510600,228.09,7512100,228.04
1000341504,250085376,float,7516600,228.14,7516200,228.16
1001390080,250347520,float,7520400,228.27,7524900,228.13
1002438656,250609664,float,7532900,228.13,7536200,228.03
1003487232,250871808,float,7537600,228.22,7540500,228.14
1004535808,251133952,float,7547400,228.17,7544900,228.24
1005584384,251396096,float,7552100,228.26,7552600,228.25
1006632960,251658240,float,7558700,228.30,7562300,228.19
1007681536,251920384,float,7566200,228.31,7568900,228.23
1008730112,252182528,float,7578600,228.17,7578800,228.17
1009778688,252444672,float,7582800,228.29,7582200,228.30
1010827264,252706816,float,7596700,228.11,7593300,228.21
1011875840,252968960,float,7601800,228.19,7601600,228.19
1012924416,253231104,float,7604200,228.35,7604500,228.34
1013972992,253493248,float,7622000,228.06,7617100,228.20
1015021568,253755392,float,7622900,228.26,7624600,228.21
1016070144,254017536,float,7637100,228.07,7636800,228.08
1017118720,254279680,float,7642500,228.15,7646000,228.04
1018167296,254541824,float,7647600,228.23,7650400,228.15
1019215872,254803968,float,7656400,228.21,7655000,228.25
1020264448,255066112,float,7667000,228.12,7664500,228.20
1021313024,255328256,float,7672400,228.20,7675800,228.10
1022361600,255590400,float,7678200,228.26,7679000,228.24
1023410176,255852544,float,7683100,228.35,7683500,228.34
1024458752,256114688,float,7695300,228.22,7695900,228.20
1025507328,256376832,float,7699700,228.32,7702400,228.24
1026555904,256638976,float,7706900,228.34,7708200,228.30
1027604480,256901120,float,7713500,228.38,7717600,228.26
1028653056,257163264,float,7724000,228.30,7728200,228.18
1029701632,257425408,float,7728000,228.42,7732000,228.30
1030750208,257687552,float,7734700,228.45,7736900,228.38
1031798784,257949696,float,7742000,228.47,7745600,228.36
1032847360,258211840,float,7756000,228.29,7759500,228.18
1033895936,258473984,float,7766800,228.20,7766000,228.22
1034944512,258736128,float,7765900,228.46,7770000,228.34
1035993088,258998272,float,7780400,228.27,7783100,228.19
1037041664,259260416,float,7786300,228.32,7788900,228.25
1038090240,259522560,float,7796100,228.27,7798500,228.20
1039138816,259784704,float,7801800,228.33,7807500,228.16
1040187392,260046848,float,7811900,228.26,7812800,228.24
1041235968,260308992,float,7818000,228.32,7818600,228.30
1042284544,260571136,float,7825900,228.32,7829500,228.21
1043333120,260833280,float,7832200,228.36,7834200,228.30
1044381696,261095424,float,7840900,228.34,7844100,228.24
1045430272,261357568,float,7851500,228.26,7852700,228.22
1046478848,261619712,float,7856100,228.35,7859000,228.27
1047527424,261881856,float,7862300,228.40,7864000,228.35
1048576000,262144000,float,7867200,228.49,7869100,228.43
1049624576,262406144,float,7878300,228.40,7878700,228.38
1050673152,262668288,float,7884800,228.43,7885200,228.42
1051721728,262930432,float,7893300,228.42,7894700,228.37
1052770304,263192576,float,7899100,228.47,7903000,228.36
1053818880,263454720,float,7907100,228.47,7908200,228.44
1054867456,263716864,float,7918100,228.38,7920700,228.31
1055916032,263979008,float,7926700,228.36,7927000,228.35
1056964608,264241152,float,7931000,228.46,7929700,228.50
1058013184,264503296,float,8040500,225.57,8043800,225.48
1059061760,264765440,float,8048800,225.57,8048100,225.58
1060110336,265027584,float,8051800,225.71,8051100,225.73
1061158912,265289728,float,8058000,225.76,8056900,225.78
1062207488,265551872,float,8062800,225.84,8067700,225.71
1063256064,265814016,float,8074500,225.74,8071800,225.81
1064304640,266076160,float,8080400,225.80,8074900,225.95
1065353216,266338304,float,8079000,226.06,8077400,226.10
1066401792,266600448,float,8082800,226.17,8083000,226.17
1067450368,266862592,float,8085700,226.31,8081400,226.43
1068498944,267124736,float,8084800,226.56,8088700,226.45
1069547520,267386880,float,8090000,226.64,8092600,226.57
1070596096,267649024,float,8096200,226.69,8103600,226.48
1071644672,267911168,float,8105200,226.66,8106100,226.63
1072693248,268173312,float,8111800,226.69,8111700,226.70
1073741824,268435456,float,8112800,226.89,8120300,226.68
