size(B),count,type,time(ns),busbw(GB/s),time(ns),busbw(GB/s)
1048576,262144,float,92790,19.78,92150,19.91
2097152,524288,float,93250,39.36,92970,39.47
3145728,786432,float,92580,59.46,93310,59.00
4194304,1048576,float,95800,76.62,94030,78.06
5242880,1310720,float,96900,94.68,95790,95.79
6291456,1572864,float,108400,101.58,107000,102.86
7340032,1835008,float,119200,107.77,117100,109.71
8388608,2097152,float,134300,109.30,129800,113.07
9437184,2359296,float,144100,114.58,141200,116.94
10485760,2621440,float,158100,116.05,153900,119.26
11534336,2883584,float,169400,119.19,165000,122.37
12582912,3145728,float,175700,125.34,172800,127.40
13631488,3407872,float,191900,124.28,190500,125.21
14680064,3670016,float,198000,129.74,195500,131.40
15728640,3932160,float,209700,131.26,208800,131.84
16777216,4194304,float,232400,126.33,231000,127.08
17825792,4456448,float,236000,132.18,235700,132.38
18874368,4718592,float,238900,138.25,238900,138.23
19922944,4980736,float,263200,132.47,264300,131.90
20971520,5242880,float,266500,137.70,267100,137.39
22020096,5505024,float,274100,140.60,272900,141.23
23068672,5767168,float,303100,133.18,303300,133.08
24117248,6029312,float,306800,137.55,305200,138.30
25165824,6291456,float,265300,166.01,262600,167.72
26214400,6553600,float,303300,151.24,304600,150.63
27262976,6815744,float,313200,152.31,312400,152.71
28311552,7077888,float,321600,154.07,316800,156.40
29360128,7340032,float,328700,156.33,328200,156.54
30408704,7602176,float,339500,156.73,338200,157.33
31457280,7864320,float,342800,160.59,341900,161.00
32505856,8126464,float,348500,163.21,345500,164.64
33554432,8388608,float,358100,163.97,355700,165.10
34603008,8650752,float,361300,167.62,362200,167.17
35651584,8912896,float,365000,170.93,363600,171.57
36700160,9175040,float,374200,171.66,374700,171.39
37748736,9437184,float,374400,176.42,373500,176.89
38797312,9699328,float,374800,181.15,376500,180.32
39845888,9961472,float,385100,181.07,383300,181.90
40894464,10223616,float,384200,186.27,384400,186.20
41943040,10485760,float,387600,189.36,387400,189.48
42991616,10747904,float,396100,189.93,395400,190.28
44040192,11010048,float,397300,193.97,398400,193.44
45088768,11272192,float,405300,194.67,403900,195.36
46137344,11534336,float,441500,182.89,439800,183.57
47185920,11796480,float,419400,196.89,416900,198.07
48234496,12058624,float,425300,198.45,424500,198.84
49283072,12320768,float,478500,180.24,476800,180.88
50331648,12582912,float,439400,200.45,437900,201.14
51380224,12845056,float,500000,179.82,499900,179.86
52428800,13107200,float,515700,177.91,514799,178.22
53477376,13369344,float,517500,180.85,518200,180.61
54525952,13631488,float,523900,182.12,521600,182.95
55574528,13893632,float,531500,182.98,532400,182.68
56623104,14155776,float,536700,184.64,535000,185.21
57671680,14417920,float,539300,187.14,539100,187.20
58720256,14680064,float,547300,187.75,546400,188.06
59768832,14942208,float,550100,190.15,548400,190.72
60817408,15204352,float,554400,191.96,552700,192.57
61865984,15466496,float,561800,192.70,560300,193.23
62914560,15728640,float,562400,195.75,562800,195.64
63963136,15990784,float,567000,197.43,567500,197.23
65011712,16252928,float,574500,198.03,573700,198.30
66060288,16515072,float,574200,201.33,573000,201.75
67108864,16777216,float,579900,202.52,579600,202.61
68157440,17039360,float,588900,202.55,586900,203.23
69206016,17301504,float,592700,204.35,592100,204.53
70254592,17563648,float,598800,205.31,596300,206.17
71303168,17825792,float,635800,196.27,632400,197.31
72351744,18087936,float,613100,206.53,610100,207.52
73400320,18350080,float,618800,207.58,617700,207.95
74448896,18612224,float,672900,193.62,669800,194.50
75497472,18874368,float,633000,208.71,630900,209.42
76546048,19136512,float,691100,193.83,690100,194.10
77594624,19398656,float,709500,191.39,705300,192.53
78643200,19660800,float,711400,193.45,710000,193.83
79691776,19922944,float,716900,194.53,716800,194.56
80740352,20185088,float,726400,194.53,726500,194.49
81788928,20447232,float,734700,194.82,731400,195.68
82837504,20709376,float,737300,196.62,734300,197.41
83886080,20971520,float,744100,197.28,739700,198.47
84934656,21233664,float,748600,198.56,741300,200.50
85983232,21495808,float,748400,201.05,743800,202.29
87031808,21757952,float,755900,201.48,752600,202.37
88080384,22020096,float,759500,202.95,754400,204.31
89128960,22282240,float,758900,205.52,759600,205.34
90177536,22544384,float,767700,205.56,766100,205.99
91226112,22806528,float,771600,206.89,768600,207.71
92274688,23068672,float,775200,208.31,772100,209.13
93323264,23330816,float,784600,208.14,784000,208.31
94371840,23592960,float,787900,209.61,785100,210.35
95420416,23855104,float,794400,210.21,793500,210.44
96468992,24117248,float,833700,202.49,826000,204.39
97517568,24379392,float,807000,211.47,806500,211.59
98566144,24641536,float,814800,211.69,814000,211.91
99614720,24903680,float,868400,200.75,864100,201.75
100663296,25165824,float,828500,212.63,825800,213.32
101711872,25427968,float,885200,201.08,883400,201.48
102760448,25690112,float,906900,198.30,902600,199.23
103809024,25952256,float,913000,198.98,908400,199.98
104857600,26214400,float,920800,199.29,916400,200.25
105906176,26476544,float,930300,199.23,917900,201.92
106954752,26738688,float,940800,198.96,931800,200.87
108003328,27000832,float,936700,201.78,931100,202.98
109051904,27262976,float,942900,202.39,938000,203.45
110100480,27525120,float,951900,202.41,944700,203.94
111149056,27787264,float,949900,204.76,944000,206.05
112197632,28049408,float,955200,205.56,952600,206.11
113246208,28311552,float,966600,205.02,961100,206.20
114294784,28573696,float,958800,208.61,956500,209.10
115343360,28835840,float,969000,208.31,963400,209.52
116391936,29097984,float,974600,209.00,973100,209.31
117440512,29360128,float,972900,211.25,972600,211.31
118489088,29622272,float,981600,211.24,978400,211.94
119537664,29884416,float,985300,212.31,986100,212.15
120586240,30146560,float,991300,212.88,992200,212.68
121634816,30408704,float,1038599,204.95,1034300,205.80
122683392,30670848,float,1003000,214.05,1003200,214.01
123731968,30932992,float,1010000,214.39,1008700,214.67
124780544,31195136,float,1082300,201.75,1078900,202.40
125829120,31457280,float,1022000,215.45,1021400,215.59
126877696,31719424,float,1088700,203.94,1095100,202.75
127926272,31981568,float,1121800,199.57,1119800,199.91
128974848,32243712,float,1133400,199.13,1130600,199.63
130023424,32505856,float,1138900,199.78,1134700,200.53
131072000,32768000,float,1150500,199.38,1144800,200.36
132120576,33030144,float,1153300,200.48,1152800,200.57
133169152,33292288,float,1158400,201.19,1151500,202.39
134217728,33554432,float,1162000,202.13,1166000,201.44
135266304,33816576,float,1172800,201.83,1165400,203.12
136314880,34078720,float,1169700,203.95,1163800,204.97
137363456,34340864,float,1169700,205.50,1176300,204.36
138412032,34603008,float,1181900,204.94,1178600,205.51
139460608,34865152,float,1176000,207.53,1173700,207.94
140509184,35127296,float,1178900,208.58,1176700,208.97
141557760,35389440,float,1182000,209.59,1183600,209.30
142606336,35651584,float,1185400,210.53,1179900,211.52
143654912,35913728,float,1188000,211.61,1185500,212.07
144703488,36175872,float,1190500,212.70,1192500,212.36
145752064,36438016,float,1190900,214.17,1191000,214.15
146800640,36700160,float,1254300,204.82,1243300,206.63
147849216,36962304,float,1203300,215.02,1202700,215.13
148897792,37224448,float,1209300,215.47,1207100,215.87
149946368,37486592,float,1286800,203.92,1285000,204.21
150994944,37748736,float,1217500,217.03,1219800,216.62
152043520,38010880,float,1309100,203.24,1307300,203.54
153092096,38273024,float,1332500,201.05,1332600,201.04
154140672,38535168,float,1334800,202.08,1333000,202.35
155189248,38797312,float,1345600,201.83,1345100,201.91
156237824,39059456,float,1354700,201.82,1353100,202.06
157286400,39321600,float,1365000,201.64,1359400,202.47
158334976,39583744,float,1366700,202.74,1366000,202.84
159383552,39845888,float,1371000,203.44,1371900,203.31
160432128,40108032,float,1378400,203.69,1378800,203.62
161480704,40370176,float,1376600,205.29,1373000,205.82
162529280,40632320,float,1383900,205.52,1384800,205.39
163577856,40894464,float,1390600,205.86,1385400,206.63
164626432,41156608,float,1382700,208.35,1381500,208.53
165675008,41418752,float,1387600,208.94,1387300,209.00
166723584,41680896,float,1399000,208.56,1390900,209.76
167772160,41943040,float,1390600,211.14,1389300,211.32
168820736,42205184,float,1395800,211.66,1389600,212.61
169869312,42467328,float,1392300,213.51,1391600,213.62
170917888,42729472,float,1395200,214.39,1393900,214.58
171966464,42991616,float,1454600,206.88,1450100,207.53
173015040,43253760,float,1403000,215.80,1403800,215.68
174063616,43515904,float,1403800,216.99,1400200,217.55
175112192,43778048,float,1499700,204.34,1490100,205.65
176160768,44040192,float,1412000,218.33,1415200,217.83
177209344,44302336,float,1509400,205.45,1504200,206.17
178257920,44564480,float,1532000,203.62,1535900,203.10
179306496,44826624,float,1545600,203.01,1543300,203.32
180355072,45088768,float,1550400,203.58,1548300,203.85
181403648,45350912,float,1562800,203.14,1562000,203.24
182452224,45613056,float,1573700,202.89,1570300,203.33
183500800,45875200,float,1571000,204.41,1571900,204.29
184549376,46137344,float,1584000,203.90,1578000,204.66
185597952,46399488,float,1592300,203.99,1588000,204.53
186646528,46661632,float,1583400,206.28,1583100,206.33
187695104,46923776,float,1594700,205.98,1589900,206.60
188743680,47185920,float,1593400,207.29,1595600,207.01
189792256,47448064,float,1591400,208.70,1585900,209.43
190840832,47710208,float,1592900,209.66,1592900,209.66
191889408,47972352,float,1597600,210.20,1599000,210.01
192937984,48234496,float,1591300,212.18,1589400,212.43
193986560,48496640,float,1591000,213.38,1591600,213.30
195035136,48758784,float,1590600,214.58,1593000,214.25
196083712,49020928,float,1589100,215.94,1589500,215.88
197132288,49283072,float,1648800,209.23,1650400,209.03
198180864,49545216,float,1599200,216.87,1602100,216.48
199229440,49807360,float,1594700,218.63,1593800,218.76
200278016,50069504,float,1693900,206.91,1686200,207.85
201326592,50331648,float,1610200,218.80,1608400,219.05
202375168,50593792,float,1709900,207.12,1706100,207.58
203423744,50855936,float,1741900,204.37,1740100,204.58
204472320,51118080,float,1746800,204.84,1743800,205.20
205520896,51380224,float,1753000,205.17,1756700,204.74
206569472,51642368,float,1763700,204.97,1763100,205.04
207618048,51904512,float,1773000,204.92,1778900,204.25
208666624,52166656,float,1771100,206.18,1772500,206.02
209715200,52428800,float,1781800,205.97,1777500,206.48
210763776,52690944,float,1788300,206.25,1789500,206.11
211812352,52953088,float,1785600,207.59,1782800,207.92
212860928,53215232,float,1793500,207.70,1789800,208.13
213909504,53477376,float,1792600,208.83,1795900,208.45
214958080,53739520,float,1783600,210.91,1782000,211.09
216006656,54001664,float,1790300,211.14,1789000,211.30
217055232,54263808,float,1792800,211.87,1793900,211.74
218103808,54525952,float,1781800,214.21,1779600,214.48
219152384,54788096,float,1785400,214.80,1783500,215.04
220200960,55050240,float,1784100,215.99,1781200,216.35
221249536,55312384,float,1784900,216.92,1781700,217.31
222298112,55574528,float,1840700,211.35,1841900,211.21
223346688,55836672,float,1790900,218.24,1792200,218.08
224395264,56098816,float,1789900,219.39,1790100,219.36
225443840,56360960,float,1878400,210.04,1881400,209.70
226492416,56623104,float,1804600,219.64,1802800,219.86
227540992,56885248,float,1902600,209.29,1911000,208.37
228589568,57147392,float,1936000,206.62,1930300,207.24
229638144,57409536,float,1942800,206.85,1945000,206.61
230686720,57671680,float,1944400,207.62,1943100,207.76
231735296,57933824,float,1957400,207.18,1955200,207.41
232783872,58195968,float,1973100,206.46,1974500,206.31
233832448,58458112,float,1970200,207.69,1965700,208.17
234881024,58720256,float,1975800,208.03,1975300,208.09
235929600,58982400,float,1986800,207.81,1980700,208.45
236978176,59244544,float,1976900,209.78,1971800,210.33
238026752,59506688,float,1974100,211.01,1979100,210.48
239075328,59768832,float,1990800,210.16,1991700,210.06
240123904,60030976,float,1979100,212.32,1978400,212.40
241172480,60293120,float,1984200,212.71,1986700,212.43
242221056,60555264,float,1994100,212.57,1995000,212.47
243269632,60817408,float,1968300,216.29,1970000,216.10
244318208,61079552,float,1977700,216.18,1977900,216.16
245366784,61341696,float,1984000,216.42,1976900,217.21
246415360,61603840,float,1970500,218.84,1972100,218.67
247463936,61865984,float,2032800,213.04,2037500,212.55
248512512,62128128,float,1980900,219.54,1985100,219.08
249561088,62390272,float,1982500,220.30,1984600,220.06
250609664,62652416,float,2084400,210.40,2075699,211.29
251658240,62914560,float,1996900,220.54,1996500,220.59
252706816,63176704,float,2103100,210.27,2099600,210.63
253755392,63438848,float,2125200,208.96,2125000,208.98
254803968,63700992,float,2134400,208.92,2137300,208.63
255852544,63963136,float,2139900,209.23,2138800,209.34
256901120,64225280,float,2147900,209.31,2146900,209.41
257949696,64487424,float,2168800,208.14,2168100,208.20
258998272,64749568,float,2160600,209.78,2157600,210.07
260046848,65011712,float,2164600,210.24,2164800,210.22
261095424,65273856,float,2179100,209.68,2174400,210.14
262144000,65536000,float,2162100,212.18,2166400,211.76
263192576,65798144,float,2169600,212.29,2168400,212.40
264241152,66060288,float,2182800,211.85,2184300,211.70
265289728,66322432,float,2156000,215.34,2163900,214.55
266338304,66584576,float,2173900,214.40,2170000,214.79
267386880,66846720,float,2174000,215.23,2171700,215.46
268435456,67108864,float,2162300,217.25,2158000,217.68
269484032,67371008,float,2166000,217.72,2167000,217.63
270532608,67633152,float,2164500,218.72,2174400,217.73
271581184,67895296,float,2163100,219.71,2164200,219.60
272629760,68157440,float,2216300,215.27,2220600,214.85
273678336,68419584,float,2176900,220.01,2178900,219.81
274726912,68681728,float,2177400,220.81,2172000,221.35
275775488,68943872,float,2260300,213.51,2266700,212.91
276824064,69206016,float,2190200,221.18,2188500,221.36
277872640,69468160,float,2282300,213.07,2282500,213.04
278921216,69730304,float,2315200,210.83,2312700,211.06
279969792,69992448,float,2321700,211.03,2323300,210.88
281018368,70254592,float,2325000,211.52,2325000,211.52
282066944,70516736,float,2338200,211.11,2335100,211.39
283115520,70778880,float,2354600,210.42,2355800,210.31
284164096,71041024,float,2349500,211.66,2352400,211.39
285212672,71303168,float,2360700,211.43,2353600,212.07
286261248,71565312,float,2368400,211.52,2363300,211.98
287309824,71827456,float,2358300,213.20,2357100,213.31
288358400,72089600,float,2358200,213.98,2364200,213.45
289406976,72351744,float,2372700,213.45,2371200,213.59
290455552,72613888,float,2353900,215.94,2353200,216.01
291504128,72876032,float,2364400,215.76,2353900,216.72
292552704,73138176,float,2373200,215.72,2364000,216.57
293601280,73400320,float,2351900,218.46,2347300,218.89
294649856,73662464,float,2360600,218.44,2358600,218.62
295698432,73924608,float,2364000,218.90,2366200,218.69
296747008,74186752,float,2352000,220.79,2350200,220.96
297795584,74448896,float,2416500,215.66,2415900,215.71
298844160,74711040,float,2366300,221.01,2368000,220.86
299892736,74973184,float,2366800,221.74,2367800,221.65
300941312,75235328,float,2443800,215.50,2453600,214.64
301989888,75497472,float,2380600,221.99,2385100,221.57
303038464,75759616,float,2482600,213.61,2479100,213.91
304087040,76021760,float,2510200,211.99,2506300,212.33
305135616,76283904,float,2522000,211.73,2522200,211.72
306184192,76546048,float,2513800,213.15,2516800,212.89
307232768,76808192,float,2529700,212.54,2532400,212.31
308281344,77070336,float,2548800,211.66,2550200,211.55
309329920,77332480,float,2540300,213.09,2534300,213.60
310378496,77594624,float,2546400,213.30,2546600,213.29
311427072,77856768,float,2562500,212.68,2562300,212.70
312475648,78118912,float,2545300,214.84,2544600,214.90
313524224,78381056,float,2543100,215.75,2545500,215.55
314572800,78643200,float,2569800,214.22,2564900,214.63
315621376,78905344,float,2538800,217.56,2543700,217.14
316669952,79167488,float,2551700,217.18,2548300,217.47
317718528,79429632,float,2563100,216.93,2559600,217.22
318767104,79691776,float,2538100,219.78,2538800,219.72
319815680,79953920,float,2541600,220.20,2544700,219.94
320864256,80216064,float,2551800,220.05,2554300,219.83
321912832,80478208,float,2545400,221.32,2538600,221.91
322961408,80740352,float,2604100,217.04,2608400,216.68
324009984,81002496,float,2559300,221.55,2560000,221.49
325058560,81264640,float,2556400,222.52,2553800,222.75
326107136,81526784,float,2652400,215.16,2651000,215.27
327155712,81788928,float,2570100,222.77,2572600,222.55
328204288,82051072,float,2658000,216.09,2665600,215.47
329252864,82313216,float,2699000,213.48,2697400,213.61
330301440,82575360,float,2710800,213.23,2703900,213.77
331350016,82837504,float,2705700,214.31,2705300,214.34
332398592,83099648,float,2716600,214.13,2717700,214.04
333447168,83361792,float,2738800,213.06,2741100,212.88
334495744,83623936,float,2728500,214.54,2726600,214.69
335544320,83886080,float,2732500,214.90,2736600,214.58
336592896,84148224,float,2755800,213.75,2751600,214.07
337641472,84410368,float,2718500,217.36,2728300,216.58
338690048,84672512,float,2743900,216.01,2737200,216.53
339738624,84934656,float,2753900,215.89,2752900,215.97
340787200,85196800,float,2729100,218.53,2732300,218.27
341835776,85458944,float,2734200,218.79,2731800,218.98
342884352,85721088,float,2752600,218.00,2747600,218.39
343932928,85983232,float,2737700,219.85,2728300,220.61
344981504,86245376,float,2737900,220.51,2736700,220.60
346030080,86507520,float,2743800,220.70,2739700,221.03
347078656,86769664,float,2732100,222.32,2734300,222.14
348127232,87031808,float,2792200,218.18,2790600,218.31
349175808,87293952,float,2752700,221.98,2753700,221.91
350224384,87556096,float,2745300,223.25,2741200,223.59
351272960,87818240,float,2828200,217.36,2824000,217.68
352321536,88080384,float,2764600,223.02,2765800,222.92
353370112,88342528,float,2847100,217.20,2851800,216.85
354418688,88604672,float,2888500,214.72,2890000,214.61
355467264,88866816,float,2903400,214.26,2896200,214.79
356515840,89128960,float,2894500,215.55,2894700,215.53
357564416,89391104,float,2901300,215.68,2907900,215.18
358612992,89653248,float,2935700,213.77,2928700,214.28
359661568,89915392,float,2909500,216.33,2913200,216.06
360710144,90177536,float,2932200,215.28,2927300,215.64
361758720,90439680,float,2940200,215.32,2934500,215.74
362807296,90701824,float,2918300,217.57,2921900,217.29
363855872,90963968,float,2924700,217.72,2923500,217.80
364904448,91226112,float,2949000,216.54,2942900,216.99
365953024,91488256,float,2915500,219.66,2919000,219.40
367001600,91750400,float,2932900,218.98,2925800,219.51
368050176,92012544,float,2938200,219.21,2942600,218.88
369098752,92274688,float,2913500,221.70,2913200,221.72
370147328,92536832,float,2928500,221.19,2926300,221.35
371195904,92798976,float,2935100,221.32,2936500,221.21
372244480,93061120,float,2922000,222.94,2925700,222.66
373293056,93323264,float,2985700,218.80,2980900,219.15
374341632,93585408,float,2939800,222.84,2942900,222.60
375390208,93847552,float,2934600,223.86,2931100,224.12
376438784,94109696,float,3021100,218.05,3015100,218.49
377487360,94371840,float,2951900,223.79,2948400,224.05
378535936,94633984,float,3044500,217.58,3048200,217.32
379584512,94896128,float,3079400,215.72,3078300,215.79
380633088,95158272,float,3093000,215.36,3094300,215.27
381681664,95420416,float,3081600,216.75,3082700,216.67
382730240,95682560,float,3102600,215.87,3103100,215.84
383778816,95944704,float,3123200,215.04,3122900,215.06
384827392,96206848,float,3106200,216.81,3105900,216.83
385875968,96468992,float,3121600,216.33,3118300,216.56
386924544,96731136,float,3129400,216.38,3134200,216.04
387973120,96993280,float,3113300,218.08,3109700,218.33
389021696,97255424,float,3119000,218.27,3123400,217.97
390070272,97517568,float,3132400,217.93,3142400,217.23
391118848,97779712,float,3109700,220.11,3104400,220.48
392167424,98041856,float,3115500,220.28,3123100,219.75
393216000,98304000,float,3123000,220.34,3132300,219.69
394264576,98566144,float,3104200,222.27,3100300,222.55
395313152,98828288,float,3127700,221.19,3120400,221.70
396361728,99090432,float,3126900,221.83,3130500,221.57
397410304,99352576,float,3114000,223.33,3110400,223.59
398458880,99614720,float,3173600,219.72,3177900,219.43
399507456,99876864,float,3130300,223.35,3130900,223.30
400556032,100139008,float,3124100,224.38,3128000,224.10
401604608,100401152,float,3232600,217.41,3229000,217.65
402653184,100663296,float,3147100,223.90,3147300,223.89
403701760,100925440,float,3260800,216.66,3262000,216.58
404750336,101187584,float,3268300,216.72,3267200,216.79
405798912,101449728,float,3272600,217.00,3273500,216.94
406847488,101711872,float,3277600,217.23,3276500,217.30
407896064,101974016,float,3282100,217.49,3280000,217.62
408944640,102236160,float,3285600,217.82,3284700,217.87
409993216,102498304,float,3297900,217.56,3298200,217.54
411041792,102760448,float,3299600,218.01,3299600,218.01
412090368,103022592,float,3301000,218.47,3300900,218.48
413138944,103284736,float,3302300,218.94,3301100,219.01
414187520,103546880,float,3306300,219.23,3305600,219.28
415236096,103809024,float,3306500,219.77,3306400,219.78
416284672,104071168,float,3313500,219.86,3315000,219.76
417333248,104333312,float,3316400,220.22,3316300,220.22
418381824,104595456,float,3319000,220.60,3320500,220.50
419430400,104857600,float,3329500,220.45,3327700,220.58
420478976,105119744,float,3333000,220.78,3333200,220.76
421527552,105381888,float,3337300,221.04,3337700,221.01
422576128,105644032,float,3342100,221.27,3344200,221.13
423624704,105906176,float,3362100,220.50,3358300,220.75
424673280,106168320,float,3351400,221.75,3351500,221.75
425721856,106430464,float,3361400,221.64,3355900,222.00
426770432,106692608,float,3384900,220.64,3384500,220.67
427819008,106954752,float,3370700,222.12,3370000,222.16
428867584,107216896,float,3405800,220.36,3406200,220.34
429916160,107479040,float,3413600,220.40,3413400,220.41
430964736,107741184,float,3417200,220.70,3417800,220.67
432013312,108003328,float,3426900,220.61,3424400,220.78
433061888,108265472,float,3434000,220.69,3431600,220.85
434110464,108527616,float,3438100,220.96,3437100,221.03
435159040,108789760,float,3445900,220.99,3442700,221.20
436207616,109051904,float,3451800,221.15,3452200,221.12
437256192,109314048,float,3456400,221.39,3452200,221.65
438304768,109576192,float,3459600,221.71,3459600,221.71
439353344,109838336,float,3465600,221.86,3467600,221.73
440401920,110100480,float,3468800,222.18,3471600,222.00
441450496,110362624,float,3475700,222.27,3476600,222.21
442499072,110624768,float,3484000,222.26,3483700,222.29
443547648,110886912,float,3485400,222.71,3485400,222.70
444596224,111149056,float,3497300,222.47,3492300,222.79
445644800,111411200,float,3504600,222.53,3500800,222.77
446693376,111673344,float,3502700,223.18,3505600,222.99
447741952,111935488,float,3511700,223.13,3509200,223.28
448790528,112197632,float,3540300,221.84,3540000,221.86
449839104,112459776,float,3526400,223.24,3521700,223.54
450887680,112721920,float,3529300,223.57,3532400,223.38
451936256,112984064,float,3569200,221.59,3566100,221.78
452984832,113246208,float,3546300,223.54,3543100,223.74
454033408,113508352,float,3587800,221.46,3588000,221.45
455081984,113770496,float,3594800,221.54,3593800,221.60
456130560,114032640,float,3596600,221.94,3599500,221.76
457179136,114294784,float,3604100,221.99,3600900,222.19
458227712,114556928,float,3614500,221.86,3610900,222.08
459276288,114819072,float,3618500,222.12,3614000,222.39
460324864,115081216,float,3621500,222.44,3620700,222.49
461373440,115343360,float,3629800,222.43,3629900,222.43
462422016,115605504,float,3631700,222.83,3629100,222.98
463470592,115867648,float,3637300,222.99,3635900,223.07
464519168,116129792,float,3647400,222.87,3644000,223.08
465567744,116391936,float,3650700,223.18,3646400,223.44
466616320,116654080,float,3653400,223.51,3652100,223.59
467664896,116916224,float,3664200,223.35,3662400,223.46
468713472,117178368,float,3668400,223.60,3663700,223.88
469762048,117440512,float,3673600,223.78,3673300,223.80
470810624,117702656,float,3681700,223.79,3677300,224.06
471859200,117964800,float,3685900,224.03,3684800,224.10
472907776,118226944,float,3693800,224.05,3692000,224.15
473956352,118489088,float,3716500,223.17,3714400,223.30
475004928,118751232,float,3705500,224.33,3704100,224.42
476053504,119013376,float,3715200,224.24,3711200,224.48
477102080,119275520,float,3748400,222.74,3746800,222.84
478150656,119537664,float,3725900,224.58,3725100,224.63
479199232,119799808,float,3764300,222.78,3764200,222.79
480247808,120061952,float,3776300,222.55,3773400,222.73
481296384,120324096,float,3781000,222.77,3778000,222.94
482344960,120586240,float,3786100,222.95,3783900,223.08
483393536,120848384,float,3795900,222.86,3792600,223.05
484442112,121110528,float,3799500,223.13,3793700,223.47
485490688,121372672,float,3803800,223.36,3800100,223.58
486539264,121634816,float,3810700,223.43,3812500,223.33
487587840,121896960,float,3811000,223.90,3809900,223.96
488636416,122159104,float,3824100,223.61,3819200,223.90
489684992,122421248,float,3831700,223.65,3825400,224.02
490733568,122683392,float,3832100,224.10,3831100,224.16
491782144,122945536,float,3844000,223.89,3837400,224.27
492830720,123207680,float,3849700,224.03,3844400,224.34
493879296,123469824,float,3851200,224.42,3850300,224.48
494927872,123731968,float,3859800,224.40,3856300,224.60
495976448,123994112,float,3869300,224.32,3869500,224.31
497025024,124256256,float,3872200,224.63,3869700,224.77
498073600,124518400,float,3878900,224.71,3877400,224.80
499122176,124780544,float,3905800,223.63,3902200,223.84
500170752,125042688,float,3892100,224.89,3888600,225.09
501219328,125304832,float,3900500,224.88,3897400,225.06
502267904,125566976,float,3935600,223.34,3930700,223.62
503316480,125829120,float,3913100,225.09,3911900,225.16
504365056,126091264,float,3953100,223.28,3942400,223.88
505413632,126353408,float,3964200,223.12,3963700,223.14
506462208,126615552,float,3964500,223.56,3961400,223.74
507510784,126877696,float,3971500,223.63,3971500,223.63
508559360,127139840,float,3985600,223.30,3981500,223.53
509607936,127401984,float,3985500,223.76,3988800,223.58
510656512,127664128,float,3992800,223.81,3987900,224.09
511705088,127926272,float,4004300,223.63,3997500,224.01
512753664,128188416,float,4003200,224.15,4001300,224.26
513802240,128450560,float,4005000,224.51,4002700,224.64
514850816,128712704,float,4017200,224.28,4012500,224.55
515899392,128974848,float,4024200,224.35,4017700,224.71
516947968,129236992,float,4027200,224.64,4025800,224.72
517996544,129499136,float,4037500,224.52,4031000,224.88
519045120,129761280,float,4038900,224.90,4035800,225.07
520093696,130023424,float,4045100,225.01,4041600,225.20
521142272,130285568,float,4052000,225.07,4051900,225.08
522190848,130547712,float,4058300,225.18,4055200,225.35
523239424,130809856,float,4068500,225.06,4062500,225.40
524288000,131072000,float,4089500,224.35,4091000,224.27
525336576,131334144,float,4077000,225.50,4077100,225.49
526385152,131596288,float,4086800,225.40,4084400,225.54
527433728,131858432,float,4120200,224.02,4116500,224.22
528482304,132120576,float,4098300,225.67,4098000,225.68
529530880,132382720,float,4136800,224.01,4134000,224.16
530579456,132644864,float,4153100,223.57,4149500,223.77
531628032,132907008,float,4152899,224.03,4154800,223.92
532676608,133169152,float,4161399,224.01,4159100,224.13
533725184,133431296,float,4174100,223.77,4172399,223.86
534773760,133693440,float,4175700,224.12,4171100,224.37
535822336,133955584,float,4178000,224.43,4175800,224.55
536870912,134217728,float,4191500,224.15,4187600,224.36
537919488,134479872,float,4194800,224.41,4193300,224.49
538968064,134742016,float,4201400,224.49,4194900,224.84
540016640,135004160,float,4209200,224.51,4207400,224.61
541065216,135266304,float,4207200,225.06,4207300,225.05
542113792,135528448,float,4211400,225.27,4214100,225.13
543162368,135790592,float,4225900,224.93,4221500,225.17
544210944,136052736,float,4224900,225.42,4223200,225.51
545259520,136314880,float,4231500,225.50,4230300,225.56
546308096,136577024,float,4243000,225.32,4242000,225.38
547356672,136839168,float,4244700,225.66,4243700,225.72
548405248,137101312,float,4252400,225.69,4249400,225.85
549453824,137363456,float,4280000,224.66,4276000,224.87
550502400,137625600,float,4265800,225.84,4264400,225.91
551550976,137887744,float,4273200,225.88,4270900,226.00
552599552,138149888,float,4311700,224.28,4314600,224.14
553648128,138412032,float,4285500,226.08,4281900,226.28
554696704,138674176,float,4328100,224.28,4323800,224.51
555745280,138936320,float,4343300,223.92,4345800,223.79
556793856,139198464,float,4344100,224.30,4339000,224.57
557842432,139460608,float,4355800,224.12,4355200,224.15
558891008,139722752,float,4360200,224.31,4364400,224.10
559939584,139984896,float,4365400,224.47,4363100,224.58
560988160,140247040,float,4369300,224.69,4372100,224.55
562036736,140509184,float,4388900,224.10,4380500,224.53
563085312,140771328,float,4379400,225.01,4381700,224.89
564133888,141033472,float,4386800,225.05,4389600,224.90
565182464,141295616,float,4398000,224.89,4393800,225.10
566231040,141557760,float,4399200,225.25,4398100,225.30
567279616,141819904,float,4400800,225.58,4400600,225.59
568328192,142082048,float,4417300,225.15,4414200,225.31
569376768,142344192,float,4415700,225.65,4415400,225.67
570425344,142606336,float,4421200,225.79,4420700,225.81
571473920,142868480,float,4428100,225.85,4430200,225.74
572522496,143130624,float,4432000,226.06,4432700,226.03
573571072,143392768,float,4439000,226.12,4439000,226.12
574619648,143654912,float,4466000,225.16,4467800,225.08
575668224,143917056,float,4451900,226.29,4450800,226.34
576716800,144179200,float,4461800,226.20,4459100,226.34
577765376,144441344,float,4506200,224.38,4500900,224.64
578813952,144703488,float,4477500,226.23,4471700,226.52
579862528,144965632,float,4511500,224.93,4511500,224.93
580911104,145227776,float,4532800,224.28,4533800,224.22
581959680,145489920,float,4536200,224.51,4531200,224.76
583008256,145752064,float,4538700,224.79,4541300,224.66
584056832,146014208,float,4555600,224.36,4550900,224.59
585105408,146276352,float,4560400,224.53,4552700,224.91
586153984,146538496,float,4554800,225.21,4564300,224.74
587202560,146800640,float,4567400,224.99,4564300,225.14
588251136,147062784,float,4570700,225.23,4572000,225.16
589299712,147324928,float,4572300,225.55,4571000,225.61
590348288,147587072,float,4588000,225.18,4588000,225.18
591396864,147849216,float,4586100,225.67,4590900,225.43
592445440,148111360,float,4597300,225.52,4588700,225.94
593494016,148373504,float,4600900,225.74,4601900,225.69
594542592,148635648,float,4605400,225.92,4599900,226.19
595591168,148897792,float,4606700,226.26,4607800,226.20
596639744,149159936,float,4618700,226.07,4618900,226.05
597688320,149422080,float,4619900,226.40,4621400,226.33
598736896,149684224,float,4626900,226.46,4629000,226.35
599785472,149946368,float,4655800,225.44,4655600,225.45
600834048,150208512,float,4642100,226.50,4641300,226.54
601882624,150470656,float,4648300,226.60,4646000,226.71
602931200,150732800,float,4689700,224.99,4681200,225.40
603979776,150994944,float,4659600,226.83,4663200,226.66
605028352,151257088,float,4695500,225.49,4696600,225.44
606076928,151519232,float,4716800,224.86,4713900,225.00
607125504,151781376,float,4719600,225.12,4716000,225.29
608174080,152043520,float,4728500,225.08,4719800,225.50
609222656,152305664,float,4739400,224.95,4736900,225.07
610271232,152567808,float,4741700,225.23,4744500,225.10
611319808,152829952,float,4744200,225.50,4752200,225.12
612368384,153092096,float,4752000,225.51,4753700,225.43
613416960,153354240,float,4760400,225.50,4756000,225.71
614465536,153616384,float,4759000,225.96,4762200,225.80
615514112,153878528,float,4769700,225.83,4769300,225.85
616562688,154140672,float,4772700,226.08,4772500,226.09
617611264,154402816,float,4782000,226.02,4776900,226.26
618659840,154664960,float,4787000,226.16,4788300,226.10
619708416,154927104,float,4790100,226.40,4790800,226.37
620756992,155189248,float,4794200,226.59,4795800,226.51
621805568,155451392,float,4805900,226.42,4804200,226.50
622854144,155713536,float,4812600,226.49,4808500,226.68
623902720,155975680,float,4816700,226.67,4815800,226.72
624951296,156237824,float,4840600,225.94,4837900,226.06
625999872,156499968,float,4831300,226.75,4830100,226.81
627048448,156762112,float,4838500,226.79,4839300,226.76
628097024,157024256,float,4868400,225.78,4866700,225.86
629145600,157286400,float,4853800,226.84,4853700,226.84
630194176,157548544,float,4881000,225.94,4877500,226.11
631242752,157810688,float,4902200,225.34,4902100,225.35
632291328,158072832,float,4895500,226.02,4905500,225.56
633339904,158334976,float,4906400,225.90,4907500,225.85
634388480,158597120,float,4919200,225.68,4919000,225.69
635437056,158859264,float,4924300,225.82,4922200,225.92
636485632,159121408,float,4932300,225.83,4929400,225.96
637534208,159383552,float,4937600,225.96,4937000,225.99
638582784,159645696,float,4936600,226.37,4942000,226.13
639631360,159907840,float,4949500,226.15,4948000,226.22
640679936,160169984,float,4957600,226.16,4951200,226.45
641728512,160432128,float,4960100,226.41,4959000,226.46
642777088,160694272,float,4965700,226.53,4959200,226.82
643825664,160956416,float,4972500,226.58,4973800,226.53
644874240,161218560,float,4976300,226.78,4977900,226.71
645922816,161480704,float,4983500,226.82,4981900,226.89
646971392,161742848,float,4992000,226.80,4993100,226.75
648019968,162004992,float,4996700,226.96,4995600,227.00
649068544,162267136,float,5008000,226.81,5003400,227.02
650117120,162529280,float,5022500,226.52,5021800,226.55
651165696,162791424,float,5022000,226.91,5017800,227.10
652214272,163053568,float,5027000,227.05,5026200,227.09
653262848,163315712,float,5050200,226.37,5051600,226.31
654311424,163577856,float,5045800,226.93,5041300,227.13
655360000,163840000,float,5065400,226.42,5067900,226.30
656408576,164102144,float,5085300,225.89,5079900,226.13
657457152,164364288,float,5087500,226.15,5090900,226.00
658505728,164626432,float,5097300,226.08,5101500,225.89
659554304,164888576,float,5107600,225.98,5106300,226.04
660602880,165150720,float,5110400,226.22,5108300,226.31
661651456,165412864,float,5113300,226.45,5117200,226.28
662700032,165675008,float,5122100,226.42,5121100,226.46
663748608,165937152,float,5130200,226.42,5122100,226.77
664797184,166199296,float,5133900,226.61,5130800,226.75
665845760,166461440,float,5141800,226.62,5144500,226.50
666894336,166723584,float,5147900,226.71,5139700,227.07
667942912,166985728,float,5149900,226.97,5156400,226.69
668991488,167247872,float,5162700,226.77,5158100,226.97
670040064,167510016,float,5166400,226.96,5164700,227.03
671088640,167772160,float,5173700,226.99,5171000,227.11
672137216,168034304,float,5179200,227.11,5179900,227.08
673185792,168296448,float,5191100,226.94,5184200,227.25
674234368,168558592,float,5196100,227.07,5195200,227.12
675282944,168820736,float,5207900,226.91,5215000,226.60
676331520,169082880,float,5209800,227.18,5209400,227.20
677380096,169345024,float,5216600,227.24,5217400,227.20
678428672,169607168,float,5238200,226.65,5240100,226.57
679477248,169869312,float,5234300,227.17,5230100,227.36
680525824,170131456,float,5254600,226.64,5252800,226.72
681574400,170393600,float,5273300,226.19,5270500,226.31
682622976,170655744,float,5268000,226.76,5274400,226.49
683671552,170917888,float,5280500,226.57,5275600,226.79
684720128,171180032,float,5290400,226.50,5288300,226.59
685768704,171442176,float,5296900,226.57,5290300,226.85
686817280,171704320,float,5301200,226.73,5300200,226.77
687865856,171966464,float,5309500,226.72,5304600,226.93
688914432,172228608,float,5314500,226.85,5316100,226.78
689963008,172490752,float,5319400,226.99,5320500,226.94
691011584,172752896,float,5329600,226.90,5329400,226.90
692060160,173015040,float,5334000,227.05,5333100,227.09
693108736,173277184,float,5339400,227.17,5339200,227.18
694157312,173539328,float,5351900,226.98,5348300,227.13
695205888,173801472,float,5361000,226.94,5356100,227.15
696254464,174063616,float,5363200,227.19,5357300,227.44
697303040,174325760,float,5370200,227.23,5371700,227.17
698351616,174587904,float,5375800,227.34,5378500,227.22
699400192,174850048,float,5386300,227.23,5385400,227.27
700448768,175112192,float,5400200,226.99,5396000,227.16
701497344,175374336,float,5401400,227.28,5400500,227.32
702545920,175636480,float,5405300,227.45,5405500,227.44
703594496,175898624,float,5429700,226.77,5424600,226.98
704643072,176160768,float,5420800,227.48,5425600,227.28
705691648,176422912,float,5446700,226.73,5441100,226.97
706740224,176685056,float,5454900,226.73,5462900,226.40
707788800,176947200,float,5459600,226.87,5458900,226.90
708837376,177209344,float,5470300,226.76,5464300,227.01
709885952,177471488,float,5475600,226.88,5477300,226.81
710934528,177733632,float,5483900,226.87,5483800,226.88
711983104,177995776,float,5487000,227.08,5488400,227.02
713031680,178257920,float,5498400,226.94,5497600,226.97
714080256,178520064,float,5503300,227.07,5506500,226.94
715128832,178782208,float,5510200,227.12,5507000,227.25
716177408,179044352,float,5523700,226.90,5519600,227.06
717225984,179306496,float,5526800,227.10,5523500,227.24
718274560,179568640,float,5531600,227.24,5525800,227.47
719323136,179830784,float,5541600,227.16,5537500,227.33
720371712,180092928,float,5541700,227.49,5541500,227.49
721420288,180355072,float,5557500,227.17,5551700,227.41
722468864,180617216,float,5558700,227.45,5559400,227.42
723517440,180879360,float,5565800,227.49,5563600,227.58
724566016,181141504,float,5572100,227.56,5570600,227.62
725614592,181403648,float,5585700,227.34,5593000,227.04
726663168,181665792,float,5591900,227.41,5590400,227.47
727711744,181927936,float,5600500,227.39,5596500,227.55
728760320,182190080,float,5617200,227.04,5610600,227.31
729808896,182452224,float,5613200,227.53,5612400,227.56
730857472,182714368,float,5637600,226.87,5630000,227.18
731906048,182976512,float,5644900,226.90,5643000,226.98
732954624,183238656,float,5648900,227.07,5651400,226.97
734003200,183500800,float,5660200,226.94,5654900,227.15
735051776,183762944,float,5668800,226.92,5665900,227.03
736100352,184025088,float,5669900,227.19,5668800,227.24
737148928,184287232,float,5678800,227.16,5676800,227.24
738197504,184549376,float,5689800,227.05,5683900,227.28
739246080,184811520,float,5693800,227.21,5689500,227.38
740294656,185073664,float,5699000,227.32,5702300,227.19
741343232,185335808,float,5708500,227.27,5704500,227.43
742391808,185597952,float,5715600,227.31,5715900,227.29
743440384,185860096,float,5723400,227.32,5722600,227.35
744488960,186122240,float,5731600,227.31,5728800,227.42
745537536,186384384,float,5735900,227.46,5734800,227.51
746586112,186646528,float,5744500,227.44,5739000,227.66
747634688,186908672,float,5752800,227.43,5753600,227.40
748683264,187170816,float,5756600,227.60,5755000,227.66
749731840,187432960,float,5767900,227.47,5764700,227.60
750780416,187695104,float,5783100,227.19,5778500,227.37
751828992,187957248,float,5786400,227.38,5781400,227.58
752877568,188219392,float,5789900,227.56,5791100,227.51
753926144,188481536,float,5807500,227.19,5802800,227.37
754974720,188743680,float,5801900,227.72,5799100,227.83
756023296,189005824,float,5823900,227.18,5836500,226.68
757071872,189267968,float,5836400,227.00,5836000,227.02
758120448,189530112,float,5838300,227.24,5839000,227.21
759169024,189792256,float,5849900,227.10,5842000,227.41
760217600,190054400,float,5856400,227.17,5859100,227.06
761266176,190316544,float,5860900,227.31,5862100,227.26
762314752,190578688,float,5869000,227.30,5869700,227.28
763363328,190840832,float,5885500,226.98,5873600,227.44
764411904,191102976,float,5884100,227.34,5880500,227.48
765460480,191365120,float,5886300,227.57,5888300,227.49
766509056,191627264,float,5900200,227.35,5895200,227.54
767557632,191889408,float,5909800,227.29,5903300,227.54
768606208,192151552,float,5908100,227.66,5908200,227.66
769654784,192413696,float,5921400,227.46,5920100,227.51
770703360,192675840,float,5930800,227.41,5927800,227.53
771751936,192937984,float,5936600,227.50,5928500,227.81
772800512,193200128,float,5944300,227.51,5947400,227.40
773849088,193462272,float,5944600,227.81,5944700,227.80
774897664,193724416,float,5951600,227.85,5954200,227.75
775946240,193986560,float,5970200,227.45,5967100,227.56
776994816,194248704,float,5968800,227.81,5969400,227.78
778043392,194510848,float,5983100,227.57,5981700,227.62
779091968,194772992,float,5994800,227.43,5994800,227.43
780140544,195035136,float,5997200,227.65,5996000,227.69
781189120,195297280,float,6007600,227.56,6008500,227.53
782237696,195559424,float,6025500,227.19,6026600,227.14
783286272,195821568,float,6026300,227.46,6033200,227.20
784334848,196083712,float,6032100,227.55,6040000,227.25
785383424,196345856,float,6041200,227.51,6045900,227.33
786432000,196608000,float,6051600,227.42,6049700,227.49
787480576,196870144,float,6062800,227.30,6059000,227.45
788529152,197132288,float,6070900,227.30,6063400,227.58
789577728,197394432,float,6074700,227.46,6071100,227.60
790626304,197656576,float,6085100,227.37,6076500,227.70
791674880,197918720,float,6090200,227.48,6091300,227.44
792723456,198180864,float,6094800,227.61,6089700,227.81
793772032,198443008,float,6098200,227.79,6098700,227.77
794820608,198705152,float,6109000,227.69,6112000,227.57
795869184,198967296,float,6120200,227.57,6118800,227.62
796917760,199229440,float,6121700,227.81,6127800,227.59
797966336,199491584,float,6138000,227.51,6130600,227.78
799014912,199753728,float,6140600,227.71,6138800,227.78
800063488,200015872,float,6146000,227.81,6143200,227.91
801112064,200278016,float,6162500,227.50,6159900,227.59
802160640,200540160,float,6158300,227.95,6159600,227.90
803209216,200802304,float,6171000,227.78,6171200,227.77
804257792,201064448,float,6186800,227.49,6187000,227.49
805306368,201326592,float,6187000,227.78,6182400,227.95
806354944,201588736,float,6305000,223.81,6304100,223.84
807403520,201850880,float,6315100,223.74,6314700,223.76
808452096,202113024,float,6319800,223.87,6320700,223.83
809500672,202375168,float,6323000,224.04,6324600,223.99
810549248,202637312,float,6326300,224.22,6327400,224.18
811597824,202899456,float,6331500,224.32,6329900,224.38
812646400,203161600,float,6346000,224.10,6345600,224.11
813694976,203423744,float,6348900,224.29,6345500,224.41
814743552,203685888,float,6349800,224.54,6348600,224.58
815792128,203948032,float,6352200,224.75,6351400,224.78
816840704,204210176,float,6354600,224.95,6352800,225.02
817889280,204472320,float,6355900,225.20,6356500,225.17
818937856,204734464,float,6360500,225.32,6364800,225.17
819986432,204996608,float,6365300,225.44,6365500,225.43
821035008,205258752,float,6371000,225.52,6369600,225.57
822083584,205520896,float,6378300,225.55,6376700,225.61
823132160,205783040,float,6382500,225.69,6379100,225.81
824180736,206045184,float,6384500,225.91,6384500,225.91
825229312,206307328,float,6392300,225.92,6390300,225.99
826277888,206569472,float,6408900,225.62,6409900,225.59
827326464,206831616,float,6403400,226.10,6402400,226.14
828375040,207093760,float,6407500,226.24,6406300,226.29
829423616,207355904,float,6433500,225.61,6434300,225.59
830472192,207618048,float,6420100,226.37,6417900,226.45
831520768,207880192,float,6455100,225.43,6453300,225.49
832569344,208142336,float,6461300,225.49,6462900,225.44
833617920,208404480,float,6465300,225.64,6467000,225.58
834666496,208666624,float,6474600,225.60,6474000,225.62
835715072,208928768,float,6481400,225.65,6479900,225.70
836763648,209190912,float,6484200,225.83,6484600,225.82
837812224,209453056,float,6493200,225.80,6490600,225.89
838860800,209715200,float,6500700,225.82,6498700,225.89
839909376,209977344,float,6502500,226.04,6500800,226.10
840957952,210239488,float,6508700,226.11,6509300,226.09
842006528,210501632,float,6512900,226.25,6514700,226.18
843055104,210763776,float,6518300,226.34,6516600,226.40
844103680,211025920,float,6525800,226.36,6521700,226.50
845152256,211288064,float,6531700,226.44,6532900,226.40
846200832,211550208,float,6537400,226.52,6533400,226.66
847249408,211812352,float,6541200,226.67,6541200,226.67
848297984,212074496,float,6551000,226.61,6550000,226.64
849346560,212336640,float,6551900,226.86,6550300,226.91
850395136,212598784,float,6560100,226.85,6559900,226.86
851443712,212860928,float,6587600,226.19,6587100,226.20
852492288,213123072,float,6571100,227.03,6570500,227.06
853540864,213385216,float,6581000,226.97,6578000,227.07
854589440,213647360,float,6613300,226.14,6611400,226.21
855638016,213909504,float,6594100,227.08,6590900,227.19
856686592,214171648,float,6631100,226.09,6627000,226.23
857735168,214433792,float,6638800,226.10,6638400,226.12
858783744,214695936,float,6641400,226.29,6641500,226.28
859832320,214958080,float,6647900,226.34,6649300,226.30
860880896,215220224,float,6656200,226.34,6654300,226.40
861929472,215482368,float,6660300,226.47,6654500,226.67
862978048,215744512,float,6660900,226.73,6665900,226.56
864026624,216006656,float,6671000,226.66,6670300,226.68
865075200,216268800,float,6671200,226.93,6673000,226.87
866123776,216530944,float,6681200,226.86,6678300,226.96
867172352,216793088,float,6691000,226.80,6689000,226.87
868220928,217055232,float,6694000,226.98,6689500,227.13
869269504,217317376,float,6697000,227.15,6699000,227.08
870318080,217579520,float,6707600,227.07,6707100,227.08
871366656,217841664,float,6707900,227.33,6706600,227.37
872415232,218103808,float,6715500,227.35,6716800,227.30
873463808,218365952,float,6722600,227.38,6724100,227.33
874512384,218628096,float,6731900,227.34,6726300,227.52
875560960,218890240,float,6741000,227.30,6734800,227.51
876609536,219152384,float,6761600,226.88,6758400,226.99
877658112,219414528,float,6750600,227.52,6750100,227.54
878706688,219676672,float,6758300,227.53,6758500,227.52
879755264,219938816,float,6787800,226.82,6789000,226.77
880803840,220200960,float,6769500,227.70,6770100,227.68
881852416,220463104,float,6806300,226.74,6800100,226.94
882900992,220725248,float,6821000,226.52,6816100,226.68
883949568,220987392,float,6819200,226.85,6819500,226.84
884998144,221249536,float,6824400,226.94,6823400,226.98
886046720,221511680,float,6834900,226.86,6835500,226.84
887095296,221773824,float,6842700,226.87,6833800,227.17
888143872,222035968,float,6842600,227.14,6838400,227.28
889192448,222298112,float,6853100,227.06,6852300,227.09
890241024,222560256,float,6856600,227.21,6852700,227.34
891289600,222822400,float,6861900,227.31,6864500,227.22
892338176,223084544,float,6870800,227.28,6870100,227.30
893386752,223346688,float,6873800,227.45,6871800,227.51
894435328,223608832,float,6881500,227.46,6878200,227.57
895483904,223870976,float,6892800,227.35,6889200,227.47
896532480,224133120,float,6892800,227.62,6894400,227.57
897581056,224395264,float,6900200,227.64,6899600,227.66
898629632,224657408,float,6913900,227.46,6905800,227.72
899678208,224919552,float,6915400,227.67,6911000,227.81
900726784,225181696,float,6918900,227.82,6918100,227.85
901775360,225443840,float,6940100,227.39,6938400,227.45
902823936,225705984,float,6932800,227.89,6930800,227.96
903872512,225968128,float,6941600,227.87,6940300,227.91
904921088,226230272,float,6970300,227.19,6967500,227.28
905969664,226492416,float,6955400,227.94,6954100,227.99
907018240,226754560,float,6987400,227.16,6986300,227.20
908066816,227016704,float,7000800,226.99,6995800,227.15
909115392,227278848,float,7008600,227.00,7003200,227.17
910163968,227540992,float,7009400,227.24,7009000,227.25
911212544,227803136,float,7018000,227.22,7015400,227.30
912261120,228065280,float,7021800,227.36,7017500,227.50
913309696,228327424,float,7025100,227.51,7027200,227.44
914358272,228589568,float,7034600,227.47,7037900,227.36
915406848,228851712,float,7041800,227.49,7039300,227.57
916455424,229113856,float,7043700,227.69,7042100,227.74
917504000,229376000,float,7053900,227.62,7052500,227.67
918552576,229638144,float,7057500,227.77,7060200,227.68
919601152,229900288,float,7064300,227.81,7066100,227.75
920649728,230162432,float,7072400,227.81,7072900,227.79
921698304,230424576,float,7081400,227.78,7076500,227.93
922746880,230686720,float,7085900,227.89,7083800,227.96
923795456,230948864,float,7095300,227.85,7092500,227.94
924844032,231211008,float,7096300,228.07,7092900,228.18
925892608,231473152,float,7104400,228.07,7104700,228.06
926941184,231735296,float,7125100,227.67,7122300,227.76
927989760,231997440,float,7118200,228.15,7116700,228.19
929038336,232259584,float,7122000,228.28,7121800,228.29
930086912,232521728,float,7156200,227.45,7152400,227.57
931135488,232783872,float,7138700,228.26,7135300,228.37
932184064,233046016,float,7170600,227.50,7168500,227.57
933232640,233308160,float,7184300,227.32,7183900,227.34
934281216,233570304,float,7183800,227.60,7186600,227.51
935329792,233832448,float,7199400,227.36,7196100,227.46
936378368,234094592,float,7201600,227.54,7201700,227.54
937426944,234356736,float,7207600,227.61,7206900,227.63
938475520,234618880,float,7222100,227.40,7210900,227.76
939524096,234881024,float,7223600,227.61,7225300,227.56
940572672,235143168,float,7223700,227.86,7220900,227.95
941621248,235405312,float,7229800,227.92,7228500,227.96
942669824,235667456,float,7243000,227.76,7240200,227.85
943718400,235929600,float,7242700,228.02,7243000,228.01
944766976,236191744,float,7249900,228.05,7244600,228.22
945815552,236453888,float,7259400,228.01,7255900,228.11
946864128,236716032,float,7264000,228.11,7260600,228.22
947912704,236978176,float,7267600,228.25,7262900,228.40
948961280,237240320,float,7276400,228.23,7274000,228.31
950009856,237502464,float,7281100,228.33,7279000,228.40
951058432,237764608,float,7288600,228.35,7288000,228.37
952107008,238026752,float,7311200,227.90,7309500,227.95
953155584,238288896,float,7302200,228.43,7301000,228.46
954204160,238551040,float,7308300,228.49,7305800,228.57
955252736,238813184,float,7341900,227.69,7339200,227.78
956301312,239075328,float,7319500,228.64,7321700,228.57
957349888,239337472,float,7352500,227.86,7352700,227.86
958398464,239599616,float,7370400,227.56,7371400,227.53
959447040,239861760,float,7370500,227.81,7369200,227.85
960495616,240123904,float,7381600,227.71,7374400,227.93
961544192,240386048,float,7394400,227.57,7385800,227.83
962592768,240648192,float,7395000,227.79,7392300,227.88
963641344,240910336,float,7394800,228.05,7395500,228.03
964689920,241172480,float,7410000,227.83,7410300,227.82
965738496,241434624,float,7415000,227.92,7410000,228.07
966787072,241696768,float,7418900,228.05,7412800,228.24
967835648,241958912,float,7427000,228.05,7426900,228.05
968884224,242221056,float,7425400,228.35,7426800,228.30
969932800,242483200,float,7434500,228.31,7434500,228.31
970981376,242745344,float,7441700,228.34,7441200,228.35
972029952,243007488,float,7442700,228.55,7447900,228.39
973078528,243269632,float,7450100,228.57,7452200,228.51
974127104,243531776,float,7461000,228.49,7461300,228.47
975175680,243793920,float,7462700,228.68,7464600,228.62
976224256,244056064,float,7472400,228.63,7469100,228.73
977272832,244318208,float,7497200,228.11,7491300,228.30
978321408,244580352,float,7483500,228.78,7482800,228.80
979369984,244842496,float,7493300,228.72,7490600,228.81
980418560,245104640,float,7524600,228.02,7520100,228.15
981467136,245366784,float,7507400,228.78,7507800,228.77
982515712,245628928,float,7539800,228.04,7537000,228.13
983564288,245891072,float,7555700,227.81,7552300,227.91
984612864,246153216,float,7556300,228.03,7560400,227.91
985661440,246415360,float,7563400,228.06,7561400,228.12
986710016,246677504,float,7577700,227.87,7572500,228.03
987758592,246939648,float,7574600,228.21,7576200,228.16
988807168,247201792,float,7581400,228.24,7579700,228.30
989855744,247463936,float,7593000,228.14,7596000,228.05
990904320,247726080,float,7592700,228.39,7593700,228.36
991952896,247988224,float,7599500,228.43,7601300,228.37
993001472,248250368,float,7608200,228.40,7612000,228.29
994050048,248512512,float,7613200,228.49,7610100,228.59
995098624,248774656,float,7620600,228.51,7616500,228.64
996147200,249036800,float,7623400,228.67,7627000,228.56
997195776,249298944,float,7632400,228.64,7631500,228.67
998244352,249561088,float,7637000,228.74,7634100,228.83
999292928,249823232,float,7645700,228.72,7642000,228.84
1000341504,250085376,float,7650900,228.81,7650100,228.83
1001390080,250347520,float,7657700,228.85,7655600,228.91
1002438656,250609664,float,7679200,228.44,7678300,228.47
1003487232,250871808,float,7671900,228.90,7667900,229.02
1004535808,251133952,float,7682600,228.82,7677800,228.96
1005584384,251396096,float,7706800,228.34,7707300,228.33
1006632960,251658240,float,7692700,229.00,7691600,229.03
1007681536,251920384,float,7724200,228.30,7717600,228.49
1008730112,252182528,float,7739500,228.09,7740500,228.06
1009778688,252444672,float,7740800,228.29,7741300,228.27
1010827264,252706816,float,7746700,228.35,7744400,228.41
1011875840,252968960,float,7757200,228.28,7755000,228.34
1012924416,253231104,float,7760800,228.41,7764300,228.30
1013972992,253493248,float,7765300,228.51,7765600,228.50
1015021568,253755392,float,7778500,228.36,7779200,228.34
1016070144,254017536,float,7778300,228.60,7776700,228.65
1017118720,254279680,float,7781400,228.74,7784100,228.67
1018167296,254541824,float,7796800,228.53,7791200,228.69
1019215872,254803968,float,7803900,228.56,7797100,228.75
1020264448,255066112,float,7801100,228.87,7802200,228.84
1021313024,255328256,float,7814100,228.73,7812400,228.78
1022361600,255590400,float,7816800,228.88,7815600,228.92
1023410176,255852544,float,7823900,228.91,7820200,229.02
1024458752,256114688,float,7831600,228.92,7829200,228.99
1025507328,256376832,float,7837200,228.99,7834000,229.08
1026555904,256638976,float,7844500,229.01,7842800,229.06
1027604480,256901120,float,7863000,228.71,7865200,228.64
1028653056,257163264,float,7858700,229.07,7856700,229.12
1029701632,257425408,float,7865400,229.10,7866600,229.07
1030750208,257687552,float,7891600,228.57,7887800,228.68
1031798784,257949696,float,7883500,229.04,7877600,229.21
1032847360,258211840,float,7903000,228.71,7905400,228.64
1033895936,258473984,float,7923000,228.36,7921600,228.40
1034944512,258736128,float,7920300,228.67,7920200,228.67
1035993088,258998272,float,7930300,228.61,7928000,228.68
1037041664,259260416,float,7939200,228.59,7937100,228.65
1038090240,259522560,float,7944000,228.68,7941800,228.75
1039138816,259784704,float,7948400,228.79,7944100,228.91
1040187392,260046848,float,7962500,228.61,7958100,228.74
1041235968,260308992,float,7963300,228.82,7965400,228.76
1042284544,260571136,float,7969900,228.86,7967300,228.93
1043333120,260833280,float,7975900,228.92,7978600,228.84
1044381696,261095424,float,7981500,228.99,7983900,228.92
1045430272,261357568,float,7991000,228.94,7987900,229.03
1046478848,261619712,float,7998800,228.95,8000400,228.91
1047527424,261881856,float,8003900,229.04,8003600,229.04
1048576000,262144000,float,8011700,229.04,8010100,229.09
1049624576,262406144,float,8019900,229.04,8015600,229.16
1050673152,262668288,float,8023000,229.18,8021100,229.23
1051721728,262930432,float,8026800,229.29,8030500,229.19
1052770304,263192576,float,8048200,228.91,8048500,228.91
1053818880,263454720,float,8042100,229.32,8046600,229.19
1054867456,263716864,float,8050100,229.32,8052000,229.26
1055916032,263979008,float,8079300,228.71,8074400,228.85
1056964608,264241152,float,8069800,229.21,8065000,229.35
1058013184,264503296,float,8089500,228.88,8090500,228.85
1059061760,264765440,float,8106000,228.64,8101500,228.77
1060110336,265027584,float,8106200,228.86,8104800,228.90
1061158912,265289728,float,8110400,228.97,8117900,228.76
1062207488,265551872,float,8122800,228.84,8121800,228.87
1063256064,265814016,float,8126900,228.96,8126200,228.97
1064304640,266076160,float,8129400,229.11,8133900,228.98
1065353216,266338304,float,8141300,229.00,8142800,228.96
1066401792,266600448,float,8145700,229.10,8143600,229.16
1067450368,266862592,float,8153600,229.11,8153100,229.12
1068498944,267124736,float,8165400,229.00,8160400,229.14
1069547520,267386880,float,8169400,229.11,8165700,229.22
1070596096,267649024,float,8175700,229.16,8173200,229.23
1071644672,267911168,float,8184200,229.15,8184400,229.14
1072693248,268173312,float,8188800,229.24,8188400,229.25
1073741824,268435456,float,8193000,229.35,8196400,229.25
