size(B),count,type,time(ns),busbw(GB/s),time(ns),busbw(GB/s)
1048576,262144,float,73000,23.94,73660,23.72
2097152,524288,float,74610,46.85,73900,47.30
3145728,786432,float,74700,70.18,74300,70.57
4194304,1048576,float,82550,84.68,80110,87.27
5242880,1310720,float,93190,93.76,91290,95.72
6291456,1572864,float,105300,99.60,103000,101.78
7340032,1835008,float,118300,103.41,115500,105.90
8388608,2097152,float,126700,110.34,123600,113.13
9437184,2359296,float,145300,108.24,140100,112.24
10485760,2621440,float,148900,117.35,145300,120.24
11534336,2883584,float,156300,122.99,154200,124.70
12582912,3145728,float,177100,118.42,174300,120.30
13631488,3407872,float,180600,125.77,179000,126.95
14680064,3670016,float,197200,124.06,196300,124.67
15728640,3932160,float,192700,136.02,191200,137.13
16777216,4194304,float,203200,137.63,198900,140.56
17825792,4456448,float,214300,138.63,210700,141.04
18874368,4718592,float,204000,154.20,201800,155.86
19922944,4980736,float,232800,142.66,231700,143.32
20971520,5242880,float,238100,146.80,237500,147.18
22020096,5505024,float,247800,148.08,248000,147.96
23068672,5767168,float,255700,150.37,255800,150.32
24117248,6029312,float,264400,152.04,263100,152.75
25165824,6291456,float,270200,155.20,269700,155.51
26214400,6553600,float,275700,158.50,274700,159.06
27262976,6815744,float,283700,160.17,280100,162.20
28311552,7077888,float,283100,166.66,282500,167.03
29360128,7340032,float,289000,169.33,289900,168.81
30408704,7602176,float,293000,173.00,291300,173.98
31457280,7864320,float,292000,179.57,294000,178.32
32505856,8126464,float,297300,182.23,298800,181.34
33554432,8388608,float,304000,183.97,303100,184.50
34603008,8650752,float,335700,171.82,335000,172.14
35651584,8912896,float,345900,171.79,344700,172.40
36700160,9175040,float,359300,170.22,358600,170.58
37748736,9437184,float,327900,191.88,327200,192.26
38797312,9699328,float,377500,171.28,376500,171.73
39845888,9961472,float,384500,172.72,382200,173.78
40894464,10223616,float,389700,174.89,388600,175.37
41943040,10485760,float,394800,177.09,392800,177.98
42991616,10747904,float,401900,178.29,402100,178.19
44040192,11010048,float,406100,180.77,407000,180.35
45088768,11272192,float,410600,183.04,410700,182.97
46137344,11534336,float,415200,185.20,414000,185.76
47185920,11796480,float,419300,187.54,418500,187.90
48234496,12058624,float,423100,190.02,422500,190.29
49283072,12320768,float,426200,192.70,426300,192.66
50331648,12582912,float,433200,193.65,430400,194.92
51380224,12845056,float,437000,195.95,435500,196.65
52428800,13107200,float,445100,196.33,443100,197.23
53477376,13369344,float,469600,189.79,469400,189.88
54525952,13631488,float,480200,189.26,482000,188.52
55574528,13893632,float,494600,187.27,494800,187.21
56623104,14155776,float,468800,201.31,466300,202.40
57671680,14417920,float,513900,187.05,511200,188.03
58720256,14680064,float,524400,186.62,522299,187.37
59768832,14942208,float,529700,188.05,530400,187.82
60817408,15204352,float,539500,187.89,534000,189.82
61865984,15466496,float,546100,188.80,544400,189.39
62914560,15728640,float,547000,191.70,545800,192.11
63963136,15990784,float,553600,192.58,551600,193.27
65011712,16252928,float,557400,194.40,554900,195.26
66060288,16515072,float,561500,196.07,558500,197.15
67108864,16777216,float,565700,197.70,560300,199.62
68157440,17039360,float,569500,199.46,566600,200.50
69206016,17301504,float,574400,200.81,573500,201.12
70254592,17563648,float,580000,201.89,577500,202.75
71303168,17825792,float,587300,202.36,584100,203.46
72351744,18087936,float,615000,196.08,610500,197.51
73400320,18350080,float,629100,194.47,624600,195.87
74448896,18612224,float,642600,193.10,639400,194.07
75497472,18874368,float,610400,206.13,609400,206.48
76546048,19136512,float,653500,195.21,655800,194.54
77594624,19398656,float,672300,192.36,667800,193.65
78643200,19660800,float,680300,192.66,675400,194.07
79691776,19922944,float,688300,192.97,684700,193.98
80740352,20185088,float,691800,194.52,690200,194.97
81788928,20447232,float,699400,194.90,694900,196.16
82837504,20709376,float,700200,197.17,697200,198.03
83886080,20971520,float,705100,198.28,702300,199.09
84934656,21233664,float,713000,198.54,706300,200.41
85983232,21495808,float,712000,201.28,710500,201.69
87031808,21757952,float,718100,202.00,715100,202.84
88080384,22020096,float,719800,203.94,718000,204.46
89128960,22282240,float,725200,204.83,724600,205.00
90177536,22544384,float,733700,204.84,731200,205.53
91226112,22806528,float,764800,198.80,763200,199.23
92274688,23068672,float,784300,196.08,781900,196.69
93323264,23330816,float,794900,195.67,791200,196.58
94371840,23592960,float,753700,208.67,752500,209.02
95420416,23855104,float,807900,196.86,807300,196.98
96468992,24117248,float,825800,194.71,819200,196.27
97517568,24379392,float,833900,194.91,831700,195.42
98566144,24641536,float,840500,195.46,841300,195.27
99614720,24903680,float,850200,195.27,846700,196.08
100663296,25165824,float,852600,196.77,850200,197.34
101711872,25427968,float,859400,197.25,855900,198.05
102760448,25690112,float,866100,197.75,859900,199.16
103809024,25952256,float,866900,199.59,865700,199.86
104857600,26214400,float,867300,201.50,866000,201.81
105906176,26476544,float,867800,203.40,865600,203.91
106954752,26738688,float,872900,204.21,872600,204.29
108003328,27000832,float,875100,205.71,872800,206.24
109051904,27262976,float,887300,204.85,885600,205.23
110100480,27525120,float,920600,199.34,917100,200.08
111149056,27787264,float,938500,197.39,933100,198.52
112197632,28049408,float,943800,198.13,943500,198.19
113246208,28311552,float,900700,209.55,897000,210.41
114294784,28573696,float,962000,198.02,959300,198.57
115343360,28835840,float,974500,197.27,974800,197.21
116391936,29097984,float,983300,197.28,982000,197.55
117440512,29360128,float,990200,197.67,989400,197.83
118489088,29622272,float,1000900,197.30,997700,197.94
119537664,29884416,float,1003900,198.46,1002100,198.80
120586240,30146560,float,1010600,198.87,1007900,199.40
121634816,30408704,float,1014300,199.86,1013500,200.03
122683392,30670848,float,1021200,200.23,1018000,200.85
123731968,30932992,float,1014700,203.23,1017000,202.77
124780544,31195136,float,1020400,203.80,1018300,204.23
125829120,31457280,float,1020000,205.61,1022100,205.19
126877696,31719424,float,1022800,206.76,1021200,207.08
127926272,31981568,float,1031900,206.61,1034400,206.12
128974848,32243712,float,1066600,201.54,1063800,202.08
130023424,32505856,float,1083600,199.99,1082200,200.25
131072000,32768000,float,1096200,199.29,1093900,199.70
132120576,33030144,float,1042599,211.20,1039900,211.75
133169152,33292288,float,1108000,200.31,1110500,199.87
134217728,33554432,float,1120800,199.58,1120800,199.58
135266304,33816576,float,1136800,198.32,1134800,198.67
136314880,34078720,float,1143600,198.66,1143700,198.65
137363456,34340864,float,1154100,198.37,1151500,198.82
138412032,34603008,float,1157300,199.32,1157900,199.22
139460608,34865152,float,1161600,200.09,1160600,200.27
140509184,35127296,float,1168600,200.40,1166000,200.85
141557760,35389440,float,1172200,201.28,1166400,202.26
142606336,35651584,float,1164300,204.14,1165400,203.94
143654912,35913728,float,1167500,205.08,1167900,205.00
144703488,36175872,float,1168000,206.48,1170500,206.05
145752064,36438016,float,1164500,208.60,1169100,207.79
146800640,36700160,float,1181900,207.01,1180400,207.28
147849216,36962304,float,1209700,203.70,1213200,203.10
148897792,37224448,float,1229700,201.81,1232800,201.30
149946368,37486592,float,1240700,201.43,1240900,201.40
150994944,37748736,float,1188100,211.82,1182500,212.83
152043520,38010880,float,1254800,201.95,1250500,202.65
153092096,38273024,float,1266700,201.43,1268300,201.18
154140672,38535168,float,1278000,201.02,1278400,200.96
155189248,38797312,float,1287200,200.95,1286000,201.13
156237824,39059456,float,1298100,200.60,1297700,200.66
157286400,39321600,float,1301500,201.41,1300300,201.60
158334976,39583744,float,1300400,202.93,1307000,201.91
159383552,39845888,float,1309100,202.92,1310800,202.66
160432128,40108032,float,1316000,203.19,1312600,203.70
161480704,40370176,float,1311500,205.20,1310500,205.37
162529280,40632320,float,1308400,207.04,1310800,206.66
163577856,40894464,float,1309900,208.13,1308400,208.36
164626432,41156608,float,1306700,209.98,1309800,209.48
165675008,41418752,float,1323300,208.66,1326200,208.20
166723584,41680896,float,1352500,205.46,1355900,204.94
167772160,41943040,float,1367500,204.48,1369300,204.21
168820736,42205184,float,1383700,203.34,1381600,203.65
169869312,42467328,float,1319900,214.50,1320600,214.38
170917888,42729472,float,1392000,204.64,1397900,203.78
171966464,42991616,float,1407600,203.62,1411100,203.10
173015040,43253760,float,1421500,202.85,1417500,203.42
174063616,43515904,float,1429900,202.88,1430500,202.81
175112192,43778048,float,1440800,202.56,1442500,202.33
176160768,44040192,float,1444200,203.30,1439200,204.00
177209344,44302336,float,1443100,204.66,1445400,204.33
178257920,44564480,float,1449300,204.99,1449400,204.98
179306496,44826624,float,1457600,205.03,1456500,205.17
180355072,45088768,float,1452500,206.94,1448500,207.52
181403648,45350912,float,1451300,208.33,1449700,208.55
182452224,45613056,float,1450500,209.65,1449900,209.72
183500800,45875200,float,1447600,211.27,1448500,211.14
184549376,46137344,float,1465700,209.85,1468800,209.42
185597952,46399488,float,1496400,206.72,1498400,206.45
186646528,46661632,float,1507100,206.40,1508500,206.21
187695104,46923776,float,1528300,204.68,1522900,205.41
188743680,47185920,float,1462500,215.10,1465300,214.68
189792256,47448064,float,1540400,205.34,1539900,205.42
190840832,47710208,float,1549900,205.22,1548500,205.41
191889408,47972352,float,1557000,205.41,1558700,205.18
192937984,48234496,float,1565000,205.47,1568500,205.02
193986560,48496640,float,1578800,204.78,1580800,204.53
195035136,48758784,float,1585000,205.08,1584700,205.12
196083712,49020928,float,1582800,206.47,1582000,206.58
197132288,49283072,float,1586100,207.14,1589600,206.69
198180864,49545216,float,1597700,206.74,1596800,206.85
199229440,49807360,float,1588300,209.05,1587400,209.18
200278016,50069504,float,1588200,210.17,1584600,210.64
201326592,50331648,float,1587300,211.40,1588000,211.30
202375168,50593792,float,1582200,213.19,1582000,213.21
203423744,50855936,float,1606100,211.09,1606600,211.03
204472320,51118080,float,1629000,209.20,1629800,209.10
205520896,51380224,float,1644100,208.34,1645000,208.22
206569472,51642368,float,1660400,207.34,1659400,207.47
207618048,51904512,float,1605100,215.59,1609100,215.05
208666624,52166656,float,1673000,207.88,1673000,207.87
209715200,52428800,float,1686200,207.28,1686500,207.25
210763776,52690944,float,1695500,207.18,1694000,207.36
211812352,52953088,float,1709300,206.53,1706700,206.84
212860928,53215232,float,1721700,206.05,1723400,205.85
213909504,53477376,float,1724800,206.70,1722100,207.02
214958080,53739520,float,1722700,207.97,1725000,207.69
216006656,54001664,float,1728800,208.25,1726900,208.47
217055232,54263808,float,1737300,208.23,1737400,208.22
218103808,54525952,float,1731000,209.99,1727800,210.39
219152384,54788096,float,1730100,211.12,1729200,211.23
220200960,55050240,float,1726900,212.53,1725600,212.68
221249536,55312384,float,1724100,213.88,1724800,213.79
222298112,55574528,float,1747300,212.04,1752200,211.44
223346688,55836672,float,1775700,209.63,1770300,210.27
224395264,56098816,float,1784500,209.58,1781600,209.92
225443840,56360960,float,1792900,209.57,1794900,209.34
226492416,56623104,float,1745800,216.23,1747500,216.01
227540992,56885248,float,1818600,208.53,1814600,208.99
228589568,57147392,float,1829200,208.28,1829400,208.26
229638144,57409536,float,1832200,208.89,1834700,208.60
230686720,57671680,float,1844500,208.44,1840500,208.90
231735296,57933824,float,1861500,207.48,1865600,207.03
232783872,58195968,float,1860400,208.54,1859400,208.66
233832448,58458112,float,1859900,209.53,1859900,209.54
234881024,58720256,float,1864600,209.95,1860400,210.42
235929600,58982400,float,1870800,210.19,1875000,209.72
236978176,59244544,float,1866700,211.58,1875000,210.65
238026752,59506688,float,1866500,212.54,1867300,212.45
239075328,59768832,float,1869300,213.16,1866100,213.52
240123904,60030976,float,1865500,214.53,1864500,214.64
241172480,60293120,float,1888600,212.83,1884000,213.36
242221056,60555264,float,1911600,211.18,1913200,211.01
243269632,60817408,float,1921400,211.02,1923600,210.78
244318208,61079552,float,1932700,210.68,1933600,210.58
245366784,61341696,float,1887900,216.62,1887000,216.72
246415360,61603840,float,1957500,209.81,1954400,210.14
247463936,61865984,float,1966700,209.71,1967200,209.66
248512512,62128128,float,1974000,209.82,1971300,210.11
249561088,62390272,float,1982700,209.78,1979800,210.09
250609664,62652416,float,2000500,208.79,2005000,208.32
251658240,62914560,float,1996400,210.09,2004300,209.27
252706816,63176704,float,2004900,210.08,2001100,210.47
253755392,63438848,float,2002100,211.25,2001300,211.32
254803968,63700992,float,2010100,211.27,2009200,211.37
255852544,63963136,float,2005300,212.65,2007800,212.38
256901120,64225280,float,2011400,212.87,2007000,213.34
257949696,64487424,float,2008000,214.10,2000400,214.92
258998272,64749568,float,1999400,215.90,2002600,215.56
260046848,65011712,float,2018400,214.73,2022100,214.34
261095424,65273856,float,2045800,212.71,2054300,211.83
262144000,65536000,float,2068600,211.20,2060000,212.09
263192576,65798144,float,2070900,211.82,2069300,211.98
264241152,66060288,float,2022900,217.70,2025200,217.46
265289728,66322432,float,2095699,210.98,2090300,211.52
266338304,66584576,float,2106100,210.77,2098300,211.55
267386880,66846720,float,2112100,211.00,2111800,211.03
268435456,67108864,float,2115900,211.45,2116800,211.35
269484032,67371008,float,2137000,210.18,2137100,210.16
270532608,67633152,float,2136400,211.05,2137200,210.97
271581184,67895296,float,2138100,211.70,2137400,211.77
272629760,68157440,float,2140700,212.26,2136100,212.72
273678336,68419584,float,2151200,212.03,2150400,212.11
274726912,68681728,float,2145500,213.41,2146200,213.35
275775488,68943872,float,2142500,214.53,2138900,214.89
276824064,69206016,float,2135600,216.03,2140000,215.59
277872640,69468160,float,2136800,216.73,2138400,216.58
278921216,69730304,float,2162000,215.01,2159900,215.23
279969792,69992448,float,2186800,213.38,2189700,213.10
281018368,70254592,float,2200000,212.89,2197500,213.14
282066944,70516736,float,2205400,213.16,2201900,213.51
283115520,70778880,float,2161800,218.27,2163000,218.15
284164096,71041024,float,2233800,212.02,2233600,212.04
285212672,71303168,float,2246300,211.62,2241200,212.10
286261248,71565312,float,2248000,212.23,2251200,211.93
287309824,71827456,float,2261600,211.73,2258600,212.01
288358400,72089600,float,2280600,210.74,2282200,210.59
289406976,72351744,float,2279000,211.65,2276700,211.86
290455552,72613888,float,2277100,212.59,2278800,212.43
291504128,72876032,float,2277200,213.35,2275300,213.53
292552704,73138176,float,2288000,213.10,2288500,213.06
293601280,73400320,float,2287900,213.88,2287700,213.90
294649856,73662464,float,2285500,214.87,2281600,215.24
295698432,73924608,float,2286400,215.55,2280100,216.15
296747008,74186752,float,2277200,217.19,2275700,217.33
297795584,74448896,float,2299600,215.83,2306200,215.21
298844160,74711040,float,2322700,214.44,2325500,214.18
299892736,74973184,float,2343000,213.33,2339500,213.65
300941312,75235328,float,2353500,213.12,2352000,213.25
301989888,75497472,float,2304600,218.39,2303700,218.49
303038464,75759616,float,2386600,211.63,2389100,211.40
304087040,76021760,float,2389400,212.10,2393400,211.75
305135616,76283904,float,2397200,212.14,2398900,212.00
306184192,76546048,float,2404000,212.27,2402600,212.40
307232768,76808192,float,2413200,212.19,2414800,212.05
308281344,77070336,float,2413500,212.88,2414700,212.78
309329920,77332480,float,2414600,213.51,2416500,213.34
310378496,77594624,float,2417200,214.01,2418600,213.88
311427072,77856768,float,2422500,214.26,2419000,214.57
312475648,78118912,float,2426200,214.65,2422600,214.97
313524224,78381056,float,2430100,215.03,2426300,215.36
314572800,78643200,float,2436300,215.20,2433400,215.46
315621376,78905344,float,2438400,215.73,2438400,215.73
316669952,79167488,float,2443500,215.99,2445100,215.85
317718528,79429632,float,2457800,215.45,2455800,215.62
318767104,79691776,float,2468300,215.24,2467700,215.29
319815680,79953920,float,2474500,215.41,2477300,215.16
320864256,80216064,float,2462800,217.14,2464500,216.99
321912832,80478208,float,2495100,215.03,2495100,215.03
322961408,80740352,float,2501700,215.16,2500700,215.25
324009984,81002496,float,2504700,215.60,2506300,215.47
325058560,81264640,float,2512700,215.61,2513200,215.57
326107136,81526784,float,2521300,215.57,2518200,215.83
327155712,81788928,float,2524100,216.02,2523700,216.06
328204288,82051072,float,2529900,216.22,2529100,216.29
329252864,82313216,float,2538400,216.19,2535900,216.39
330301440,82575360,float,2537700,216.93,2535400,217.13
331350016,82837504,float,2541800,217.27,2544800,217.01
332398592,83099648,float,2548400,217.39,2550200,217.23
333447168,83361792,float,2555200,217.50,2557400,217.31
334495744,83623936,float,2559500,217.81,2561300,217.66
335544320,83886080,float,2566500,217.90,2568700,217.71
336592896,84148224,float,2590000,216.60,2588200,216.74
337641472,84410368,float,2595200,216.83,2599400,216.48
338690048,84672512,float,2604200,216.76,2607700,216.47
339738624,84934656,float,2591500,218.49,2592100,218.44
340787200,85196800,float,2625100,216.37,2620700,216.73
341835776,85458944,float,2628800,216.72,2625900,216.97
342884352,85721088,float,2634400,216.92,2629700,217.31
343932928,85983232,float,2636300,217.44,2638500,217.25
344981504,86245376,float,2648800,217.07,2647000,217.22
346030080,86507520,float,2651700,217.49,2651400,217.51
347078656,86769664,float,2657800,217.65,2652800,218.06
348127232,87031808,float,2661600,218.00,2661300,218.02
349175808,87293952,float,2665000,218.38,2663800,218.47
350224384,87556096,float,2672400,218.42,2670200,218.60
351272960,87818240,float,2675300,218.83,2675100,218.86
352321536,88080384,float,2682100,218.93,2681900,218.95
353370112,88342528,float,2691800,218.80,2688900,219.03
354418688,88604672,float,2698800,218.87,2697400,218.99
355467264,88866816,float,2716800,218.06,2714700,218.23
356515840,89128960,float,2726800,217.91,2725300,218.03
357564416,89391104,float,2736900,217.74,2734100,217.97
358612992,89653248,float,2722600,219.53,2721700,219.60
359661568,89915392,float,2749900,217.98,2748400,218.10
360710144,90177536,float,2756000,218.14,2761300,217.71
361758720,90439680,float,2766200,217.96,2763300,218.19
362807296,90701824,float,2773800,218.00,2767700,218.48
363855872,90963968,float,2779900,218.15,2776200,218.44
364904448,91226112,float,2785500,218.34,2782900,218.54
365953024,91488256,float,2787800,218.79,2791800,218.47
367001600,91750400,float,2794000,218.93,2795700,218.79
368050176,92012544,float,2800700,219.02,2797800,219.25
369098752,92274688,float,2806200,219.21,2804400,219.36
370147328,92536832,float,2811600,219.42,2811700,219.41
371195904,92798976,float,2819700,219.41,2813600,219.88
372244480,93061120,float,2824800,219.63,2825100,219.61
373293056,93323264,float,2835800,219.39,2832000,219.69
374341632,93585408,float,2852700,218.70,2850500,218.87
375390208,93847552,float,2862600,218.56,2863600,218.49
376438784,94109696,float,2871200,218.52,2875000,218.23
377487360,94371840,float,2857000,220.21,2857200,220.20
378535936,94633984,float,2886700,218.55,2886300,218.58
379584512,94896128,float,2895500,218.49,2891000,218.83
380633088,95158272,float,2903200,218.51,2901100,218.67
381681664,95420416,float,2913600,218.34,2904800,218.99
382730240,95682560,float,2915800,218.77,2913400,218.95
383778816,95944704,float,2923000,218.83,2919000,219.13
384827392,96206848,float,2928600,219.01,2924400,219.32
385875968,96468992,float,2933100,219.27,2932900,219.28
386924544,96731136,float,2935700,219.67,2934400,219.77
387973120,96993280,float,2941000,219.87,2941000,219.87
389021696,97255424,float,2947200,219.99,2945600,220.11
390070272,97517568,float,2953300,220.13,2954000,220.08
391118848,97779712,float,2961300,220.13,2957900,220.38
392167424,98041856,float,2968700,220.17,2967800,220.23
393216000,98304000,float,2987700,219.35,2984500,219.59
394264576,98566144,float,2998200,219.17,2996600,219.28
395313152,98828288,float,3009100,218.96,3005500,219.21
396361728,99090432,float,2991200,220.85,2989500,220.97
397410304,99352576,float,3022600,219.13,3027200,218.80
398458880,99614720,float,3034400,218.86,3031100,219.10
399507456,99876864,float,3039800,219.05,3038100,219.17
400556032,100139008,float,3046600,219.13,3046300,219.15
401604608,100401152,float,3060100,218.73,3050200,219.44
402653184,100663296,float,3063000,219.09,3056300,219.58
403701760,100925440,float,3065200,219.51,3066000,219.45
404750336,101187584,float,3070600,219.69,3072200,219.57
405798912,101449728,float,3073600,220.05,3074800,219.96
406847488,101711872,float,3079400,220.20,3083200,219.93
407896064,101974016,float,3086000,220.29,3079000,220.79
408944640,102236160,float,3092300,220.41,3091300,220.48
409993216,102498304,float,3094800,220.80,3094300,220.83
411041792,102760448,float,3105700,220.59,3106600,220.52
412090368,103022592,float,3126000,219.71,3124100,219.84
413138944,103284736,float,3138000,219.43,3137300,219.47
414187520,103546880,float,3145500,219.46,3148300,219.26
415236096,103809024,float,3125400,221.43,3129300,221.15
416284672,104071168,float,3162400,219.39,3159200,219.61
417333248,104333312,float,3174100,219.14,3168500,219.52
418381824,104595456,float,3179600,219.31,3172300,219.81
419430400,104857600,float,3187200,219.33,3181300,219.74
420478976,105119744,float,3196100,219.27,3194700,219.36
421527552,105381888,float,3200400,219.52,3197400,219.73
422576128,105644032,float,3201200,220.01,3202700,219.91
423624704,105906176,float,3206500,220.19,3207300,220.14
424673280,106168320,float,3213700,220.24,3208100,220.62
425721856,106430464,float,3216400,220.60,3213500,220.80
426770432,106692608,float,3223600,220.65,3220700,220.85
427819008,106954752,float,3225200,221.08,3224600,221.12
428867584,107216896,float,3234600,220.98,3230700,221.25
429916160,107479040,float,3241500,221.05,3246900,220.68
430964736,107741184,float,3258800,220.41,3259400,220.37
432013312,108003328,float,3274500,219.89,3273000,219.99
433061888,108265472,float,3281500,219.95,3280400,220.02
434110464,108527616,float,3260600,221.90,3262700,221.75
435159040,108789760,float,3292500,220.28,3291900,220.32
436207616,109051904,float,3302300,220.15,3307300,219.82
437256192,109314048,float,3315500,219.81,3317200,219.69
438304768,109576192,float,3319200,220.08,3315000,220.37
439353344,109838336,float,3331300,219.81,3331300,219.81
440401920,110100480,float,3337100,219.95,3333800,220.17
441450496,110362624,float,3341200,220.20,3335300,220.60
442499072,110624768,float,3345200,220.46,3341900,220.69
443547648,110886912,float,3346100,220.93,3347000,220.87
444596224,111149056,float,3351500,221.09,3353300,220.98
445644800,111411200,float,3354600,221.41,3352800,221.53
446693376,111673344,float,3360500,221.54,3361000,221.51
447741952,111935488,float,3368900,221.51,3366600,221.66
448790528,112197632,float,3376000,221.56,3379000,221.36
449839104,112459776,float,3394500,220.87,3396000,220.77
450887680,112721920,float,3409100,220.44,3407600,220.53
451936256,112984064,float,3413000,220.70,3420200,220.23
452984832,113246208,float,3397800,222.20,3401700,221.94
454033408,113508352,float,3435400,220.28,3424500,220.97
455081984,113770496,float,3449800,219.86,3441800,220.37
456130560,114032640,float,3445300,220.65,3444300,220.72
457179136,114294784,float,3456100,220.47,3456300,220.46
458227712,114556928,float,3464900,220.42,3463000,220.53
459276288,114819072,float,3465300,220.89,3468500,220.69
460324864,115081216,float,3471500,221.00,3472700,220.93
461373440,115343360,float,3478100,221.09,3474300,221.33
462422016,115605504,float,3484300,221.19,3482400,221.31
463470592,115867648,float,3491000,221.27,3481600,221.86
464519168,116129792,float,3490600,221.80,3491200,221.76
465567744,116391936,float,3496500,221.92,3499900,221.71
466616320,116654080,float,3499100,222.25,3498000,222.33
467664896,116916224,float,3510400,222.04,3517200,221.61
468713472,117178368,float,3531500,221.20,3528000,221.42
469762048,117440512,float,3540800,221.12,3540000,221.17
470810624,117702656,float,3549600,221.06,3552500,220.88
471859200,117964800,float,3538200,222.27,3538100,222.27
472907776,118226944,float,3571800,220.67,3564600,221.12
473956352,118489088,float,3575400,220.93,3573800,221.04
475004928,118751232,float,3578900,221.21,3585100,220.83
476053504,119013376,float,3590900,220.95,3595700,220.66
477102080,119275520,float,3595800,221.14,3601100,220.81
478150656,119537664,float,3608900,220.82,3606800,220.95
479199232,119799808,float,3607600,221.38,3609700,221.25
480247808,120061952,float,3613600,221.50,3611400,221.64
481296384,120324096,float,3620900,221.54,3614400,221.94
482344960,120586240,float,3623600,221.86,3622300,221.93
483393536,120848384,float,3629800,221.96,3629600,221.97
484442112,121110528,float,3634200,222.17,3629800,222.44
485490688,121372672,float,3640100,222.29,3638400,222.39
486539264,121634816,float,3649700,222.19,3646900,222.35
487587840,121896960,float,3663400,221.83,3667600,221.58
488636416,122159104,float,3675200,221.59,3676700,221.50
489684992,122421248,float,3687200,221.35,3682600,221.62
490733568,122683392,float,3673300,222.66,3678800,222.33
491782144,122945536,float,3698400,221.62,3697300,221.68
492830720,123207680,float,3708600,221.48,3710800,221.35
493879296,123469824,float,3717600,221.42,3716000,221.51
494927872,123731968,float,3721500,221.65,3722500,221.59
495976448,123994112,float,3734600,221.35,3729000,221.68
497025024,124256256,float,3743900,221.26,3746200,221.12
498073600,124518400,float,3742000,221.84,3743700,221.74
499122176,124780544,float,3750900,221.78,3747400,221.99
500170752,125042688,float,3753900,222.07,3750300,222.28
501219328,125304832,float,3754600,222.49,3762300,222.04
502267904,125566976,float,3767800,222.17,3762900,222.46
503316480,125829120,float,3768900,222.58,3771400,222.43
504365056,126091264,float,3771800,222.87,3771400,222.89
505413632,126353408,float,3780100,222.84,3783500,222.64
506462208,126615552,float,3797000,222.31,3804000,221.90
507510784,126877696,float,3812400,221.87,3809100,222.06
508559360,127139840,float,3816000,222.12,3825400,221.57
509607936,127401984,float,3807500,223.07,3812900,222.75
510656512,127664128,float,3834400,221.96,3837900,221.76
511705088,127926272,float,3844000,221.86,3839700,222.11
512753664,128188416,float,3859200,221.44,3851600,221.88
513802240,128450560,float,3859300,221.89,3861900,221.74
514850816,128712704,float,3868600,221.81,3871200,221.66
515899392,128974848,float,3870100,222.17,3869000,222.24
516947968,129236992,float,3879800,222.07,3881800,221.95
517996544,129499136,float,3881700,222.41,3886100,222.16
519045120,129761280,float,3883700,222.75,3892800,222.22
520093696,130023424,float,3891900,222.72,3897000,222.44
521142272,130285568,float,3898900,222.77,3896200,222.93
522190848,130547712,float,3905100,222.87,3903400,222.96
523239424,130809856,float,3919700,222.48,3914300,222.79
524288000,131072000,float,3920500,222.88,3924000,222.69
525336576,131334144,float,3939000,222.28,3938200,222.33
526385152,131596288,float,3947500,222.25,3950100,222.10
527433728,131858432,float,3953100,222.37,3956600,222.18
528482304,132120576,float,3950200,222.97,3951900,222.88
529530880,132382720,float,3969700,222.32,3975300,222.01
530579456,132644864,float,3977400,222.33,3976200,222.40
531628032,132907008,float,3985300,222.33,3990500,222.04
532676608,133169152,float,4001400,221.87,3999200,221.99
533725184,133431296,float,4003300,222.20,4004200,222.15
534773760,133693440,float,4008500,222.35,4013000,222.10
535822336,133955584,float,4020700,222.11,4012700,222.55
536870912,134217728,float,4020600,222.55,4020100,222.58
537919488,134479872,float,4029600,222.49,4030100,222.46
538968064,134742016,float,4035200,222.61,4034100,222.67
540016640,135004160,float,4032600,223.19,4038900,222.84
541065216,135266304,float,4047700,222.79,4044400,222.97
542113792,135528448,float,4051500,223.01,4048400,223.18
543162368,135790592,float,4064500,222.72,4061700,222.88
544210944,136052736,float,4076100,222.52,4071800,222.76
545259520,136314880,float,4085400,222.44,4083400,222.55
546308096,136577024,float,4091700,222.53,4099200,222.12
547356672,136839168,float,4087400,223.19,4086200,223.25
548405248,137101312,float,4116600,222.03,4111000,222.33
549453824,137363456,float,4118700,222.34,4117600,222.40
550502400,137625600,float,4126000,222.37,4126200,222.36
551550976,137887744,float,4130700,222.54,4133100,222.41
552599552,138149888,float,4139200,222.51,4146200,222.13
553648128,138412032,float,4148700,222.42,4154200,222.13
554696704,138674176,float,4157300,222.38,4162300,222.11
555745280,138936320,float,4157100,222.81,4163200,222.48
556793856,139198464,float,4161500,222.99,4162300,222.95
557842432,139460608,float,4171100,222.90,4170600,222.93
558891008,139722752,float,4178500,222.92,4181600,222.76
559939584,139984896,float,4177399,223.40,4179800,223.27
560988160,140247040,float,4197400,222.75,4193700,222.95
562036736,140509184,float,4203300,222.86,4212500,222.37
563085312,140771328,float,4212200,222.80,4212700,222.77
564133888,141033472,float,4225300,222.52,4218700,222.87
565182464,141295616,float,4228100,222.79,4226600,222.87
566231040,141557760,float,4223700,223.44,4225400,223.34
567279616,141819904,float,4248700,222.53,4246500,222.64
568328192,142082048,float,4264200,222.13,4252300,222.75
569376768,142344192,float,4260500,222.74,4259200,222.80
570425344,142606336,float,4267900,222.76,4266700,222.82
571473920,142868480,float,4284400,222.31,4284600,222.30
572522496,143130624,float,4285600,222.65,4293000,222.27
573571072,143392768,float,4294300,222.61,4293500,222.65
574619648,143654912,float,4293700,223.05,4296400,222.91
575668224,143917056,float,4305800,222.83,4301700,223.04
576716800,144179200,float,4305100,223.27,4307100,223.17
577765376,144441344,float,4318500,222.98,4318100,223.00
578813952,144703488,float,4318900,223.36,4324200,223.09
579862528,144965632,float,4333000,223.04,4327700,223.31
580911104,145227776,float,4339400,223.11,4338700,223.15
581959680,145489920,float,4345200,223.22,4349000,223.03
583008256,145752064,float,4361500,222.79,4369800,222.36
584056832,146014208,float,4366600,222.93,4365100,223.00
585105408,146276352,float,4359100,223.71,4358400,223.75
586153984,146538496,float,4383600,222.86,4378400,223.12
587202560,146800640,float,4388100,223.03,4391400,222.86
588251136,147062784,float,4400900,222.78,4402800,222.68
589299712,147324928,float,4402500,223.09,4399800,223.23
590348288,147587072,float,4422800,222.46,4414600,222.88
591396864,147849216,float,4421700,222.91,4415100,223.25
592445440,148111360,float,4432800,222.75,4426400,223.07
593494016,148373504,float,4437000,222.93,4429200,223.33
594542592,148635648,float,4438900,223.23,4434700,223.44
595591168,148897792,float,4447000,223.22,4452200,222.96
596639744,149159936,float,4456300,223.14,4458600,223.03
597688320,149422080,float,4455700,223.57,4460000,223.35
598736896,149684224,float,4465000,223.49,4473000,223.09
599785472,149946368,float,4478100,223.23,4479300,223.17
600834048,150208512,float,4493700,222.84,4485100,223.27
601882624,150470656,float,4488300,223.50,4500200,222.91
602931200,150732800,float,4507000,222.96,4502600,223.18
603979776,150994944,float,4501200,223.64,4500900,223.65
605028352,151257088,float,4592300,219.58,4594000,219.50
606076928,151519232,float,4599000,219.64,4601600,219.52
607125504,151781376,float,4605000,219.73,4605400,219.72
608174080,152043520,float,4610300,219.86,4610900,219.83
609222656,152305664,float,4617800,219.88,4621400,219.71
610271232,152567808,float,4623100,220.01,4623800,219.97
611319808,152829952,float,4625000,220.30,4627100,220.20
612368384,153092096,float,4625900,220.63,4628200,220.52
613416960,153354240,float,4628600,220.88,4631300,220.75
614465536,153616384,float,4635500,220.93,4635300,220.94
615514112,153878528,float,4639900,221.10,4640400,221.07
616562688,154140672,float,4642200,221.36,4645600,221.20
617611264,154402816,float,4649100,221.41,4651100,221.31
618659840,154664960,float,4656400,221.44,4652700,221.61
619708416,154927104,float,4667700,221.27,4671300,221.10
620756992,155189248,float,4676900,221.21,4679300,221.10
621805568,155451392,float,4682800,221.31,4684100,221.25
622854144,155713536,float,4675500,222.03,4676900,221.96
623902720,155975680,float,4702600,221.12,4700800,221.20
624951296,156237824,float,4705300,221.36,4708000,221.24
625999872,156499968,float,4715900,221.24,4715600,221.25
627048448,156762112,float,4721600,221.34,4722100,221.32
628097024,157024256,float,4727700,221.43,4727400,221.44
629145600,157286400,float,4736200,221.40,4733900,221.50
630194176,157548544,float,4736100,221.77,4741400,221.52
631242752,157810688,float,4743900,221.77,4744300,221.76
632291328,158072832,float,4747500,221.97,4747500,221.97
633339904,158334976,float,4749300,222.26,4756500,221.92
634388480,158597120,float,4755300,222.34,4756100,222.31
635437056,158859264,float,4764400,222.29,4763300,222.34
636485632,159121408,float,4771200,222.34,4767600,222.51
637534208,159383552,float,4775100,222.52,4777600,222.40
638582784,159645696,float,4793200,222.04,4793600,222.03
639631360,159907840,float,4802100,222.00,4805200,221.85
640679936,160169984,float,4811100,221.94,4811900,221.91
641728512,160432128,float,4797900,222.92,4798000,222.91
642777088,160694272,float,4823800,222.08,4825900,221.99
643825664,160956416,float,4830600,222.13,4828700,222.22
644874240,161218560,float,4836500,222.22,4834200,222.33
645922816,161480704,float,4841200,222.37,4844900,222.20
646971392,161742848,float,4848900,222.38,4847400,222.44
648019968,162004992,float,4853600,222.52,4855300,222.44
649068544,162267136,float,4857900,222.69,4860500,222.56
650117120,162529280,float,4861400,222.89,4865100,222.71
651165696,162791424,float,4866400,223.01,4867900,222.95
652214272,163053568,float,4880300,222.74,4875600,222.95
653262848,163315712,float,4881100,223.06,4881800,223.03
654311424,163577856,float,4887600,223.12,4883700,223.30
655360000,163840000,float,4893000,223.23,4893800,223.19
656408576,164102144,float,4901100,223.22,4899000,223.31
657457152,164364288,float,4915400,222.93,4920800,222.68
658505728,164626432,float,4923400,222.92,4926600,222.77
659554304,164888576,float,4932800,222.85,4937200,222.65
660602880,165150720,float,4926200,223.50,4925000,223.55
661651456,165412864,float,4950800,222.74,4951700,222.70
662700032,165675008,float,4954300,222.94,4958300,222.76
663748608,165937152,float,4961200,222.98,4965400,222.79
664797184,166199296,float,4972000,222.85,4969300,222.97
665845760,166461440,float,4977500,222.95,4982600,222.73
666894336,166723584,float,4986200,222.91,4981300,223.13
667942912,166985728,float,4988600,223.16,4991800,223.01
668991488,167247872,float,4996000,223.17,4994600,223.24
670040064,167510016,float,5000400,223.33,5000100,223.34
671088640,167772160,float,5004700,223.48,5005500,223.45
672137216,168034304,float,5008700,223.66,5013300,223.45
673185792,168296448,float,5017600,223.61,5016000,223.68
674234368,168558592,float,5023600,223.69,5023400,223.70
675282944,168820736,float,5029800,223.76,5032600,223.64
676331520,169082880,float,5051600,223.14,5047900,223.31
677380096,169345024,float,5061300,223.06,5053500,223.40
678428672,169607168,float,5066000,223.20,5065300,223.23
679477248,169869312,float,5057500,223.92,5057200,223.93
680525824,170131456,float,5079200,223.31,5081000,223.23
681574400,170393600,float,5088300,223.25,5091600,223.10
682622976,170655744,float,5097000,223.21,5094200,223.33
683671552,170917888,float,5102300,223.32,5100600,223.40
684720128,171180032,float,5108100,223.41,5113700,223.17
685768704,171442176,float,5115000,223.45,5110000,223.67
686817280,171704320,float,5120200,223.56,5124700,223.37
687865856,171966464,float,5126500,223.63,5125900,223.66
688914432,172228608,float,5131900,223.74,5132000,223.73
689963008,172490752,float,5138900,223.77,5137600,223.83
691011584,172752896,float,5141800,223.99,5141500,224.00
692060160,173015040,float,5150100,223.96,5145100,224.18
693108736,173277184,float,5157900,223.96,5150300,224.29
694157312,173539328,float,5165200,223.98,5165100,223.99
695205888,173801472,float,5178900,223.73,5181200,223.63
696254464,174063616,float,5190000,223.59,5193000,223.46
697303040,174325760,float,5203600,223.34,5198900,223.54
698351616,174587904,float,5188200,224.34,5185900,224.44
699400192,174850048,float,5211900,223.65,5214700,223.53
700448768,175112192,float,5220600,223.62,5221800,223.57
701497344,175374336,float,5229100,223.59,5229000,223.59
702545920,175636480,float,5235400,223.65,5232000,223.80
703594496,175898624,float,5240900,223.75,5242000,223.70
704643072,176160768,float,5247300,223.81,5250800,223.66
705691648,176422912,float,5254100,223.85,5252400,223.93
706740224,176685056,float,5260900,223.90,5260500,223.91
707788800,176947200,float,5259500,224.29,5265500,224.03
708837376,177209344,float,5268000,224.26,5266800,224.31
709885952,177471488,float,5273200,224.37,5276500,224.23
710934528,177733632,float,5281500,224.35,5284800,224.21
711983104,177995776,float,5289600,224.34,5288400,224.38
713031680,178257920,float,5293000,224.52,5295700,224.40
714080256,178520064,float,5310600,224.11,5313700,223.97
715128832,178782208,float,5319400,224.06,5319000,224.08
716177408,179044352,float,5333000,223.82,5333200,223.81
717225984,179306496,float,5316600,224.84,5319900,224.70
718274560,179568640,float,5344600,223.99,5344500,223.99
719323136,179830784,float,5353800,223.93,5356600,223.81
720371712,180092928,float,5362900,223.87,5362000,223.91
721420288,180355072,float,5371600,223.84,5362800,224.20
722468864,180617216,float,5376200,223.97,5383100,223.69
723517440,180879360,float,5384100,223.97,5386300,223.88
724566016,181141504,float,5388300,224.12,5385300,224.24
725614592,181403648,float,5396000,224.12,5392700,224.26
726663168,181665792,float,5397900,224.37,5396000,224.44
727711744,181927936,float,5402500,224.50,5400200,224.59
728760320,182190080,float,5408700,224.57,5411800,224.43
729808896,182452224,float,5411900,224.76,5415000,224.63
730857472,182714368,float,5418500,224.80,5421500,224.68
731906048,182976512,float,5428500,224.71,5427600,224.75
732954624,183238656,float,5448400,224.21,5443900,224.40
734003200,183500800,float,5451600,224.40,5452200,224.37
735051776,183762944,float,5462000,224.29,5462900,224.25
736100352,184025088,float,5453000,224.98,5454100,224.94
737148928,184287232,float,5474000,224.44,5479600,224.21
738197504,184549376,float,5481000,224.47,5487600,224.20
739246080,184811520,float,5490900,224.38,5488200,224.49
740294656,185073664,float,5496400,224.48,5497600,224.43
741343232,185335808,float,5506400,224.39,5509600,224.26
742391808,185597952,float,5511700,224.49,5516000,224.31
743440384,185860096,float,5518600,224.52,5523600,224.32
744488960,186122240,float,5526500,224.52,5529400,224.40
745537536,186384384,float,5530600,224.67,5533400,224.56
746586112,186646528,float,5532800,224.90,5535000,224.81
747634688,186908672,float,5543100,224.79,5543200,224.79
748683264,187170816,float,5544400,225.06,5548500,224.89
749731840,187432960,float,5554700,224.95,5553200,225.02
750780416,187695104,float,5559600,225.07,5567500,224.75
751828992,187957248,float,5575100,224.76,5576300,224.71
752877568,188219392,float,5585100,224.67,5585400,224.65
753926144,188481536,float,5591100,224.74,5595600,224.56
754974720,188743680,float,5590600,225.07,5590200,225.09
756023296,189005824,float,5606500,224.75,5610000,224.61
757071872,189267968,float,5621700,224.45,5619300,224.54
758120448,189530112,float,5624300,224.65,5629500,224.45
759169024,189792256,float,5629100,224.77,5634100,224.57
760217600,190054400,float,5642200,224.56,5639500,224.67
761266176,190316544,float,5646300,224.71,5646900,224.68
762314752,190578688,float,5651600,224.81,5652200,224.79
763363328,190840832,float,5658000,224.86,5658700,224.84
764411904,191102976,float,5662000,225.01,5664200,224.92
765460480,191365120,float,5669000,225.04,5670500,224.98
766509056,191627264,float,5674000,225.15,5677300,225.02
767557632,191889408,float,5682500,225.12,5680600,225.20
768606208,192151552,float,5691000,225.10,5690600,225.11
769654784,192413696,float,5696900,225.17,5696600,225.18
770703360,192675840,float,5708800,225.00,5710200,224.95
771751936,192937984,float,5719000,224.91,5718400,224.93
772800512,193200128,float,5725000,224.98,5733200,224.66
773849088,193462272,float,5719600,225.50,5722100,225.40
774897664,193724416,float,5739200,225.03,5744400,224.83
775946240,193986560,float,5750000,224.91,5752700,224.81
776994816,194248704,float,5755200,225.01,5755900,224.99
778043392,194510848,float,5761800,225.06,5765500,224.91
779091968,194772992,float,5773200,224.92,5772000,224.96
780140544,195035136,float,5778300,225.02,5781200,224.91
781189120,195297280,float,5787600,224.96,5790700,224.84
782237696,195559424,float,5791800,225.10,5794800,224.98
783286272,195821568,float,5792500,225.37,5801100,225.04
784334848,196083712,float,5800900,225.35,5800300,225.37
785383424,196345856,float,5810800,225.27,5809000,225.34
786432000,196608000,float,5811400,225.54,5815900,225.37
787480576,196870144,float,5821300,225.46,5823800,225.36
788529152,197132288,float,5826800,225.55,5830200,225.42
789577728,197394432,float,5847300,225.05,5841500,225.28
790626304,197656576,float,5851400,225.20,5853100,225.13
791674880,197918720,float,5862900,225.05,5868400,224.84
792723456,198180864,float,5855000,225.66,5858200,225.53
793772032,198443008,float,5873100,225.26,5874500,225.20
794820608,198705152,float,5888300,224.97,5884200,225.13
795869184,198967296,float,5888400,225.26,5890400,225.19
796917760,199229440,float,5895000,225.31,5900700,225.09
797966336,199491584,float,5905700,225.20,5909300,225.06
799014912,199753728,float,5908600,225.38,5913400,225.20
800063488,200015872,float,5915200,225.43,5916800,225.36
801112064,200278016,float,5924400,225.37,5931300,225.11
802160640,200540160,float,5927400,225.55,5930400,225.44
803209216,200802304,float,5933600,225.61,5938400,225.43
804257792,201064448,float,5941500,225.61,5944100,225.50
805306368,201326592,float,5949000,225.61,5947100,225.68
806354944,201588736,float,5955700,225.65,5954800,225.69
807403520,201850880,float,5963100,225.67,5966500,225.54
808452096,202113024,float,5979700,225.33,5979100,225.36
809500672,202375168,float,5982900,225.50,5989000,225.27
810549248,202637312,float,5993700,225.39,5995500,225.32
811597824,202899456,float,5992000,225.74,5992600,225.72
812646400,203161600,float,6006700,225.48,6010100,225.36
813694976,203423744,float,6015300,225.45,6018400,225.33
814743552,203685888,float,6025500,225.36,6028300,225.26
815792128,203948032,float,6029900,225.48,6033100,225.37
816840704,204210176,float,6042200,225.32,6039300,225.42
817889280,204472320,float,6048300,225.38,6049700,225.32
818937856,204734464,float,6048700,225.65,6058700,225.28
819986432,204996608,float,6059600,225.53,6069900,225.15
821035008,205258752,float,6068700,225.48,6063800,225.67
822083584,205520896,float,6069500,225.74,6074800,225.55
823132160,205783040,float,6079400,225.66,6078200,225.71
824180736,206045184,float,6089100,225.59,6089600,225.57
825229312,206307328,float,6092400,225.76,6093200,225.73
826277888,206569472,float,6098800,225.80,6100100,225.75
827326464,206831616,float,6112000,225.60,6113700,225.54
828375040,207093760,float,6119200,225.62,6122200,225.51
829423616,207355904,float,6131600,225.45,6124800,225.70
830472192,207618048,float,6128400,225.85,6132600,225.70
831520768,207880192,float,6143500,225.58,6144600,225.54
832569344,208142336,float,6153600,225.50,6154700,225.46
833617920,208404480,float,6157200,225.65,6159700,225.56
834666496,208666624,float,6167900,225.54,6166000,225.61
835715072,208928768,float,6175000,225.56,6173500,225.62
836763648,209190912,float,6175400,225.83,6180400,225.65
837812224,209453056,float,6188800,225.63,6190500,225.56
838860800,209715200,float,6193900,225.72,6205800,225.29
839909376,209977344,float,6200100,225.78,6201800,225.71
840957952,210239488,float,6206000,225.85,6209900,225.71
842006528,210501632,float,6208700,226.03,6214600,225.82
843055104,210763776,float,6220200,225.89,6222300,225.82
844103680,211025920,float,6227900,225.89,6229800,225.83
845152256,211288064,float,6239100,225.77,6237000,225.84
846200832,211550208,float,6244000,225.87,6249900,225.66
847249408,211812352,float,6252500,225.84,6257600,225.66
848297984,212074496,float,6265300,225.66,6266100,225.63
849346560,212336640,float,6266200,225.91,6267500,225.86
850395136,212598784,float,6281000,225.65,6276600,225.81
851443712,212860928,float,6290000,225.61,6286400,225.74
852492288,213123072,float,6294500,225.72,6297300,225.62
853540864,213385216,float,6298900,225.84,6302600,225.71
854589440,213647360,float,6307500,225.81,6312300,225.64
855638016,213909504,float,6317900,225.72,6316100,225.78
856686592,214171648,float,6322200,225.84,6328300,225.62
857735168,214433792,float,6330100,225.83,6328900,225.88
858783744,214695936,float,6339000,225.79,6338700,225.81
859832320,214958080,float,6341600,225.98,6346300,225.81
860880896,215220224,float,6355700,225.75,6349900,225.96
861929472,215482368,float,6353700,226.10,6359400,225.89
862978048,215744512,float,6364900,225.97,6366900,225.90
864026624,216006656,float,6375600,225.87,6375600,225.87
865075200,216268800,float,6385400,225.79,6386000,225.77
866123776,216530944,float,6388700,225.95,6395400,225.72
867172352,216793088,float,6401300,225.78,6400500,225.81
868220928,217055232,float,6399900,226.10,6401500,226.05
869269504,217317376,float,6413800,225.88,6417700,225.75
870318080,217579520,float,6425600,225.74,6423500,225.82
871366656,217841664,float,6430800,225.83,6435000,225.68
872415232,218103808,float,6432600,226.04,6437000,225.89
873463808,218365952,float,6444800,225.88,6443900,225.92
874512384,218628096,float,6452200,225.89,6455100,225.80
875560960,218890240,float,6459500,225.91,6463200,225.78
876609536,219152384,float,6463600,226.04,6471200,225.77
877658112,219414528,float,6472300,226.00,6476300,225.86
878706688,219676672,float,6477900,226.08,6483700,225.88
879755264,219938816,float,6486500,226.05,6490500,225.91
880803840,220200960,float,6493100,226.09,6492400,226.11
881852416,220463104,float,6499600,226.13,6505700,225.92
882900992,220725248,float,6508400,226.09,6512200,225.96
883949568,220987392,float,6517600,226.04,6518000,226.03
884998144,221249536,float,6530300,225.87,6529500,225.90
886046720,221511680,float,6536800,225.91,6537300,225.89
887095296,221773824,float,6537400,226.16,6541600,226.01
888143872,222035968,float,6549300,226.01,6552600,225.90
889192448,222298112,float,6555600,226.07,6567300,225.66
890241024,222560256,float,6564700,226.02,6567000,225.94
891289600,222822400,float,6577200,225.85,6570800,226.07
892338176,223084544,float,6579200,226.05,6583900,225.89
893386752,223346688,float,6586800,226.06,6590700,225.92
894435328,223608832,float,6595400,226.03,6598800,225.91
895483904,223870976,float,6604200,225.99,6601000,226.10
896532480,224133120,float,6608900,226.09,6610900,226.02
897581056,224395264,float,6616800,226.09,6617800,226.05
898629632,224657408,float,6623800,226.11,6626400,226.02
899678208,224919552,float,6632500,226.08,6631600,226.11
900726784,225181696,float,6637500,226.17,6638100,226.15
901775360,225443840,float,6644100,226.21,6651200,225.97
902823936,225705984,float,6654900,226.10,6657700,226.01
903872512,225968128,float,6664600,226.04,6665100,226.02
904921088,226230272,float,6672300,226.04,6675800,225.92
905969664,226492416,float,6678600,226.09,6676600,226.15
907018240,226754560,float,6771400,223.25,6773400,223.18
908066816,227016704,float,6778900,223.26,6777400,223.31
909115392,227278848,float,6778800,223.52,6786200,223.27
910163968,227540992,float,6790400,223.39,6788900,223.44
911212544,227803136,float,6801200,223.30,6802100,223.27
912261120,228065280,float,6801500,223.54,6804000,223.46
913309696,228327424,float,6805100,223.68,6804200,223.71
914358272,228589568,float,6804700,223.95,6807800,223.85
915406848,228851712,float,6806000,224.16,6813500,223.92
916455424,229113856,float,6808400,224.35,6815900,224.10
917504000,229376000,float,6817200,224.31,6822800,224.13
918552576,229638144,float,6820500,224.46,6832200,224.07
919601152,229900288,float,6834800,224.25,6830500,224.39
920649728,230162432,float,6835900,224.47,6830800,224.63
921698304,230424576,float,6845300,224.41,6847700,224.33
922746880,230686720,float,6853200,224.41,6858100,224.25
923795456,230948864,float,6862900,224.34,6866300,224.24
924844032,231211008,float,6862000,224.63,6861400,224.65
925892608,231473152,float,6881700,224.24,6884600,224.15
926941184,231735296,float,6885300,224.38,6886300,224.34
927989760,231997440,float,6890500,224.46,6897600,224.23
929038336,232259584,float,6897100,224.50,6899700,224.42
930086912,232521728,float,6904900,224.50,6907600,224.41
931135488,232783872,float,6911700,224.53,6912300,224.51
932184064,233046016,float,6916100,224.64,6922400,224.44
933232640,233308160,float,6923000,224.67,6926600,224.55
934281216,233570304,float,6928700,224.74,6928400,224.75
935329792,233832448,float,6930200,224.94,6933800,224.82
936378368,234094592,float,6935600,225.02,6934900,225.04
937426944,234356736,float,6939200,225.15,6945400,224.95
938475520,234618880,float,6950200,225.05,6946900,225.15
939524096,234881024,float,6956500,225.09,6962600,224.90
940572672,235143168,float,6969700,224.92,6975800,224.72
941621248,235405312,float,6982400,224.76,6983000,224.74
942669824,235667456,float,6989300,224.79,6992400,224.69
943718400,235929600,float,6976300,225.46,6975900,225.47
944766976,236191744,float,6999700,224.95,7001000,224.91
945815552,236453888,float,7008800,224.91,7012400,224.80
946864128,236716032,float,7011800,225.06,7017800,224.87
947912704,236978176,float,7018800,225.09,7023400,224.94
948961280,237240320,float,7022400,225.22,7026100,225.10
950009856,237502464,float,7032000,225.16,7031800,225.17
951058432,237764608,float,7036900,225.26,7040000,225.16
952107008,238026752,float,7043500,225.29,7040600,225.38
953155584,238288896,float,7048700,225.37,7046700,225.44
954204160,238551040,float,7052000,225.52,7053400,225.47
955252736,238813184,float,7059800,225.51,7057800,225.58
956301312,239075328,float,7060700,225.73,7064600,225.61
957349888,239337472,float,7073900,225.56,7070200,225.68
958398464,239599616,float,7076900,225.71,7078100,225.67
959447040,239861760,float,7091200,225.50,7093100,225.44
960495616,240123904,float,7101000,225.44,7104700,225.32
961544192,240386048,float,7114500,225.25,7113500,225.29
962592768,240648192,float,7100600,225.94,7106900,225.74
963641344,240910336,float,7126300,225.37,7123100,225.47
964689920,241172480,float,7130400,225.49,7133500,225.39
965738496,241434624,float,7141700,225.37,7143000,225.33
966787072,241696768,float,7145300,225.51,7143200,225.57
967835648,241958912,float,7149200,225.63,7153300,225.50
968884224,242221056,float,7158200,225.59,7157100,225.62
969932800,242483200,float,7168100,225.52,7162800,225.69
970981376,242745344,float,7169100,225.73,7164400,225.88
972029952,243007488,float,7172000,225.89,7176000,225.76
973078528,243269632,float,7184200,225.74,7184700,225.73
974127104,243531776,float,7186100,225.93,7186800,225.91
975175680,243793920,float,7190700,226.03,7195100,225.89
976224256,244056064,float,7204900,225.82,7198300,226.03
977272832,244318208,float,7210100,225.90,7208500,225.95
978321408,244580352,float,7225300,225.67,7224600,225.69
979369984,244842496,float,7232400,225.69,7231800,225.71
980418560,245104640,float,7242200,225.63,7241600,225.64
981467136,245366784,float,7232100,226.18,7234300,226.11
982515712,245628928,float,7253900,225.74,7262500,225.48
983564288,245891072,float,7264600,225.65,7264100,225.67
984612864,246153216,float,7269400,225.74,7271700,225.67
985661440,246415360,float,7272600,225.89,7276100,225.78
986710016,246677504,float,7283400,225.79,7287700,225.66
987758592,246939648,float,7292900,225.73,7290700,225.80
988807168,247201792,float,7291900,226.01,7294200,225.93
989855744,247463936,float,7304100,225.87,7301400,225.95
990904320,247726080,float,7301800,226.18,7307900,225.99
991952896,247988224,float,7307700,226.23,7313300,226.06
993001472,248250368,float,7316200,226.21,7320600,226.08
994050048,248512512,float,7319300,226.35,7319000,226.36
995098624,248774656,float,7327800,226.33,7328000,226.32
996147200,249036800,float,7335500,226.33,7342000,226.13
997195776,249298944,float,7354000,226.00,7356000,225.94
998244352,249561088,float,7361200,226.02,7362400,225.98
999292928,249823232,float,7373500,225.88,7373800,225.86
1000341504,250085376,float,7360500,226.51,7362600,226.45
1001390080,250347520,float,7388200,225.90,7384500,226.01
1002438656,250609664,float,7393300,225.98,7394300,225.95
1003487232,250871808,float,7399800,226.02,7400500,226.00
1004535808,251133952,float,7407400,226.02,7407800,226.01
1005584384,251396096,float,7413200,226.08,7418200,225.93
1006632960,251658240,float,7422300,226.04,7424400,225.98
1007681536,251920384,float,7426700,226.14,7432200,225.97
1008730112,252182528,float,7435900,226.10,7433100,226.18
1009778688,252444672,float,7440500,226.19,7434200,226.38
1010827264,252706816,float,7443300,226.34,7451300,226.10
1011875840,252968960,float,7445100,226.52,7452800,226.29
1012924416,253231104,float,7455000,226.45,7451800,226.55
1013972992,253493248,float,7464200,226.41,7461500,226.49
1015021568,253755392,float,7469600,226.48,7468700,226.51
1016070144,254017536,float,7483700,226.29,7486400,226.20
1017118720,254279680,float,7492600,226.25,7494800,226.18
1018167296,254541824,float,7502100,226.20,7504800,226.12
1019215872,254803968,float,7493400,226.69,7494800,226.65
1020264448,255066112,float,7512600,226.35,7520000,226.12
1021313024,255328256,float,7521600,226.31,7522200,226.29
1022361600,255590400,float,7530300,226.28,7534700,226.15
1023410176,255852544,float,7536100,226.33,7537200,226.30
1024458752,256114688,float,7540600,226.43,7544700,226.31
1025507328,256376832,float,7550800,226.36,7557300,226.16
1026555904,256638976,float,7556200,226.43,7563300,226.21
1027604480,256901120,float,7567000,226.33,7561400,226.50
1028653056,257163264,float,7567100,226.56,7565300,226.62
1029701632,257425408,float,7571100,226.67,7576000,226.53
1030750208,257687552,float,7580000,226.64,7581300,226.60
1031798784,257949696,float,7587100,226.66,7588200,226.62
1032847360,258211840,float,7601400,226.46,7591000,226.77
1033895936,258473984,float,7599400,226.75,7599400,226.75
1034944512,258736128,float,7615500,226.50,7622300,226.30
1035993088,258998272,float,7623400,226.49,7622600,226.52
1037041664,259260416,float,7627900,226.59,7630200,226.52
1038090240,259522560,float,7623500,226.95,7625700,226.88
1039138816,259784704,float,7645700,226.52,7651200,226.36
1040187392,260046848,float,7654000,226.50,7660100,226.32
1041235968,260308992,float,7659400,226.57,7663900,226.44
1042284544,260571136,float,7667000,226.57,7670600,226.47
1043333120,260833280,float,7677400,226.49,7677000,226.51
1044381696,261095424,float,7681700,226.59,7689000,226.38
1045430272,261357568,float,7687000,226.67,7690500,226.56
1046478848,261619712,float,7693100,226.71,7692400,226.74
1047527424,261881856,float,7703500,226.63,7701300,226.70
1048576000,262144000,float,7702900,226.88,7707200,226.75
1049624576,262406144,float,7711300,226.86,7712900,226.81
1050673152,262668288,float,7722700,226.75,7717300,226.91
1051721728,262930432,float,7726200,226.87,7729300,226.78
1052770304,263192576,float,7733400,226.89,7740000,226.70
1053818880,263454720,float,7745200,226.77,7743500,226.82
1054867456,263716864,float,7755600,226.69,7759200,226.58
1055916032,263979008,float,7763500,226.68,7766200,226.61
1056964608,264241152,float,7758600,227.05,7761200,226.97
1058013184,264503296,float,7772500,226.87,7778200,226.71
1059061760,264765440,float,7784100,226.76,7790000,226.58
1060110336,265027584,float,7790600,226.79,7799000,226.55
1061158912,265289728,float,7802500,226.67,7798800,226.78
1062207488,265551872,float,7805700,226.80,7809400,226.69
1063256064,265814016,float,7815100,226.75,7816200,226.72
1064304640,266076160,float,7818900,226.87,7821200,226.80
1065353216,266338304,float,7824400,226.93,7829800,226.77
1066401792,266600448,float,7829000,227.02,7830900,226.96
1067450368,266862592,float,7838900,226.96,7838900,226.96
1068498944,267124736,float,7842200,227.08,7843400,227.05
1069547520,267386880,float,7852100,227.02,7853400,226.98
1070596096,267649024,float,7855300,227.15,7861400,226.97
1071644672,267911168,float,7866500,227.05,7864900,227.09
1072693248,268173312,float,7882700,226.80,7879100,226.91
1073741824,268435456,float,7883300,227.01,7887500,226.89
