size(B),count,type,time(ns),busbw(GB/s),time(ns),busbw(GB/s)
1048576,262144,float,63910,21.88,63500,22.02
2097152,524288,float,70800,39.49,70590,39.61
3145728,786432,float,77460,54.15,76370,54.92
4194304,1048576,float,79230,70.58,78210,71.50
5242880,1310720,float,84050,83.17,81030,86.27
6291456,1572864,float,88790,94.47,88110,95.20
7340032,1835008,float,94270,103.82,92740,105.53
8388608,2097152,float,103600,107.99,102500,109.14
9437184,2359296,float,107800,116.70,103300,121.76
10485760,2621440,float,119400,117.11,118500,117.95
11534336,2883584,float,126200,121.86,125500,122.57
12582912,3145728,float,134000,125.17,131300,127.73
13631488,3407872,float,138800,130.91,137400,132.30
14680064,3670016,float,143400,136.53,141100,138.69
15728640,3932160,float,148200,141.51,146000,143.59
16777216,4194304,float,155000,144.34,151200,147.95
17825792,4456448,float,168000,141.47,167300,142.07
18874368,4718592,float,165000,152.55,163100,154.33
19922944,4980736,float,185400,143.27,184400,144.03
20971520,5242880,float,189500,147.53,189700,147.36
22020096,5505024,float,196600,149.35,193100,152.03
23068672,5767168,float,198600,154.91,199800,153.97
24117248,6029312,float,204600,157.15,202600,158.73
25165824,6291456,float,209500,160.16,208100,161.23
26214400,6553600,float,216300,161.56,213500,163.70
27262976,6815744,float,231100,157.26,229200,158.63
28311552,7077888,float,225800,167.16,224600,168.10
29360128,7340032,float,248300,157.65,243900,160.49
30408704,7602176,float,252900,160.35,250300,161.98
31457280,7864320,float,258800,162.06,255100,164.40
32505856,8126464,float,263900,164.24,261600,165.71
33554432,8388608,float,266500,167.87,263900,169.53
34603008,8650752,float,271800,169.73,269300,171.31
35651584,8912896,float,278600,170.62,275400,172.57
36700160,9175040,float,294900,165.96,289200,169.19
37748736,9437184,float,287500,175.05,285500,176.32
38797312,9699328,float,311100,166.29,308300,167.81
39845888,9961472,float,317500,167.32,315000,168.65
40894464,10223616,float,322700,168.99,320400,170.18
41943040,10485760,float,328300,170.35,325400,171.85
42991616,10747904,float,332000,172.66,327800,174.86
44040192,11010048,float,336100,174.71,333900,175.84
45088768,11272192,float,346200,173.66,341900,175.85
46137344,11534336,float,360000,170.89,354800,173.40
47185920,11796480,float,355500,176.96,351800,178.83
48234496,12058624,float,375500,171.27,373900,172.01
49283072,12320768,float,381900,172.08,378600,173.57
50331648,12582912,float,388300,172.85,384400,174.56
51380224,12845056,float,393100,174.26,391300,175.08
52428800,13107200,float,397400,175.91,395400,176.80
53477376,13369344,float,399800,178.37,397200,179.49
54525952,13631488,float,408600,177.95,407700,178.30
55574528,13893632,float,423000,175.19,420800,176.10
56623104,14155776,float,417600,180.79,415400,181.75
57671680,14417920,float,437700,175.68,437300,175.85
58720256,14680064,float,443700,176.46,442700,176.84
59768832,14942208,float,450300,176.98,447700,178.02
60817408,15204352,float,455300,178.11,452900,179.06
61865984,15466496,float,461300,178.83,458800,179.81
62914560,15728640,float,462900,181.20,461800,181.67
63963136,15990784,float,472300,180.57,470100,181.40
65011712,16252928,float,483400,179.32,481900,179.89
66060288,16515072,float,478200,184.18,476900,184.69
67108864,16777216,float,500300,178.86,499000,179.32
68157440,17039360,float,506600,179.38,505600,179.73
69206016,17301504,float,512799,179.94,512700,179.96
70254592,17563648,float,518500,180.67,517299,181.06
71303168,17825792,float,521299,182.37,520299,182.73
72351744,18087936,float,524700,183.87,526000,183.39
73400320,18350080,float,534000,183.27,533500,183.45
74448896,18612224,float,545500,181.96,545400,182.02
75497472,18874368,float,543100,185.36,540300,186.30
76546048,19136512,float,562300,181.51,561500,181.76
77594624,19398656,float,568300,182.06,568000,182.15
78643200,19660800,float,576900,181.75,576800,181.78
79691776,19922944,float,580100,183.18,578500,183.68
80740352,20185088,float,584300,184.23,583900,184.36
81788928,20447232,float,586800,185.85,585700,186.18
82837504,20709376,float,597000,185.01,596900,185.04
83886080,20971520,float,607800,184.01,606800,184.34
84934656,21233664,float,603300,187.70,603600,187.60
85983232,21495808,float,623400,183.90,623100,183.98
87031808,21757952,float,628700,184.57,629700,184.27
88080384,22020096,float,637800,184.14,636500,184.51
89128960,22282240,float,641300,185.31,640300,185.60
90177536,22544384,float,646300,186.04,645300,186.32
91226112,22806528,float,648100,187.69,647000,188.00
92274688,23068672,float,657700,187.05,657700,187.07
93323264,23330816,float,666700,186.64,666800,186.62
94371840,23592960,float,665900,188.97,666000,188.93
95420416,23855104,float,684700,185.81,683600,186.13
96468992,24117248,float,689400,186.58,688700,186.76
97517568,24379392,float,697000,186.53,698300,186.20
98566144,24641536,float,700100,187.73,700400,187.63
99614720,24903680,float,706700,187.95,705900,188.15
100663296,25165824,float,708500,189.44,709100,189.28
101711872,25427968,float,718800,188.67,718600,188.71
102760448,25690112,float,726800,188.52,728300,188.12
103809024,25952256,float,725500,190.78,725800,190.72
104857600,26214400,float,744400,187.81,745000,187.67
105906176,26476544,float,749500,188.41,749500,188.41
106954752,26738688,float,757500,188.27,758200,188.09
108003328,27000832,float,762100,188.96,761800,189.04
109051904,27262976,float,765700,189.88,767400,189.49
110100480,27525120,float,768800,190.95,769500,190.77
111149056,27787264,float,779900,190.01,779100,190.21
112197632,28049408,float,786400,190.24,787700,189.91
113246208,28311552,float,785200,192.31,785700,192.17
114294784,28573696,float,802900,189.80,803100,189.76
115343360,28835840,float,810100,189.84,809200,190.05
116391936,29097984,float,818400,189.62,817100,189.92
117440512,29360128,float,820400,190.88,819000,191.20
118489088,29622272,float,825900,191.29,825200,191.44
119537664,29884416,float,827100,192.69,827100,192.70
120586240,30146560,float,838100,191.84,838600,191.72
121634816,30408704,float,846400,191.61,845600,191.80
122683392,30670848,float,844900,193.60,845000,193.58
123731968,30932992,float,864100,190.93,864600,190.81
124780544,31195136,float,869800,191.27,869100,191.43
125829120,31457280,float,879500,190.76,879700,190.71
126877696,31719424,float,880400,192.16,881400,191.94
127926272,31981568,float,886000,192.53,885500,192.63
128974848,32243712,float,887900,193.68,886200,194.05
130023424,32505856,float,897100,193.25,899100,192.82
131072000,32768000,float,906600,192.77,906500,192.79
132120576,33030144,float,905800,194.48,904600,194.74
133169152,33292288,float,924000,192.16,923800,192.20
134217728,33554432,float,928900,192.66,929100,192.61
135266304,33816576,float,937400,192.40,936800,192.53
136314880,34078720,float,940600,193.24,941300,193.10
137363456,34340864,float,946400,193.52,944700,193.88
138412032,34603008,float,947100,194.86,947500,194.77
139460608,34865152,float,958500,193.99,958500,193.99
140509184,35127296,float,966100,193.91,967400,193.66
141557760,35389440,float,966400,195.31,967500,195.09
142606336,35651584,float,983900,193.26,982900,193.45
143654912,35913728,float,989600,193.55,989900,193.49
144703488,36175872,float,997700,193.39,998500,193.23
145752064,36438016,float,1001300,194.09,1002000,193.94
146800640,36700160,float,1006000,194.56,1005800,194.60
147849216,36962304,float,1008400,195.50,1007900,195.59
148897792,37224448,float,1017600,195.10,1018700,194.88
149946368,37486592,float,1026800,194.70,1026900,194.69
150994944,37748736,float,1023900,196.63,1026000,196.23
152043520,38010880,float,1070700,189.34,1070600,189.35
153092096,38273024,float,1076800,189.57,1075700,189.75
154140672,38535168,float,1080400,190.23,1080500,190.20
155189248,38797312,float,1084100,190.86,1084000,190.88
156237824,39059456,float,1086500,191.73,1084900,192.01
157286400,39321600,float,1090600,192.28,1091100,192.20
158334976,39583744,float,1094200,192.94,1095100,192.79
159383552,39845888,float,1104200,192.45,1104700,192.36
160432128,40108032,float,1104600,193.65,1105400,193.52
161480704,40370176,float,1118700,192.47,1120100,192.23
162529280,40632320,float,1124800,192.66,1124600,192.69
163577856,40894464,float,1129700,193.06,1130300,192.97
164626432,41156608,float,1135000,193.39,1134900,193.41
165675008,41418752,float,1138100,194.09,1138400,194.04
166723584,41680896,float,1144100,194.30,1143800,194.36
167772160,41943040,float,1150200,194.49,1149700,194.57
168820736,42205184,float,1160900,193.89,1161600,193.78
169869312,42467328,float,1160500,195.17,1158600,195.49
170917888,42729472,float,1175400,193.88,1174400,194.05
171966464,42991616,float,1181700,194.04,1180000,194.31
173015040,43253760,float,1187100,194.32,1184700,194.72
174063616,43515904,float,1190500,194.94,1189600,195.09
175112192,43778048,float,1195000,195.38,1193800,195.58
176160768,44040192,float,1201200,195.54,1198900,195.92
177209344,44302336,float,1207100,195.74,1206200,195.88
178257920,44564480,float,1218700,195.03,1217200,195.26
179306496,44826624,float,1218100,196.28,1215900,196.63
180355072,45088768,float,1233200,195.00,1233300,194.98
181403648,45350912,float,1239500,195.14,1237400,195.47
182452224,45613056,float,1246500,195.17,1242600,195.77
183500800,45875200,float,1250300,195.68,1248700,195.94
184549376,46137344,float,1253800,196.25,1252900,196.40
185597952,46399488,float,1260200,196.37,1256600,196.94
186646528,46661632,float,1267500,196.34,1265000,196.73
187695104,46923776,float,1279300,195.62,1276500,196.05
188743680,47185920,float,1277900,196.93,1275500,197.29
189792256,47448064,float,1295600,195.32,1292900,195.73
190840832,47710208,float,1298900,195.90,1297200,196.16
191889408,47972352,float,1306500,195.83,1304200,196.18
192937984,48234496,float,1309400,196.46,1309400,196.47
193986560,48496640,float,1315300,196.65,1312300,197.09
195035136,48758784,float,1321100,196.84,1315600,197.67
196083712,49020928,float,1327400,196.96,1325900,197.19
197132288,49283072,float,1338300,196.40,1335900,196.76
198180864,49545216,float,1336900,197.65,1335800,197.81
199229440,49807360,float,1353100,196.32,1352400,196.42
200278016,50069504,float,1359300,196.45,1359400,196.44
201326592,50331648,float,1367800,196.25,1365900,196.52
202375168,50593792,float,1372100,196.66,1370000,196.96
203423744,50855936,float,1374300,197.36,1373300,197.51
204472320,51118080,float,1378600,197.76,1378200,197.81
205520896,51380224,float,1387200,197.54,1385600,197.77
206569472,51642368,float,1399700,196.77,1397400,197.11
207618048,51904512,float,1396300,198.26,1393600,198.63
208666624,52166656,float,1410800,197.21,1411300,197.14
209715200,52428800,float,1418700,197.09,1417100,197.32
210763776,52690944,float,1425300,197.17,1421700,197.67
211812352,52953088,float,1429400,197.58,1428200,197.75
212860928,53215232,float,1435400,197.72,1431900,198.21
213909504,53477376,float,1438800,198.23,1434800,198.78
214958080,53739520,float,1446100,198.20,1443900,198.49
216006656,54001664,float,1455300,197.90,1454300,198.05
217055232,54263808,float,1455400,198.85,1453000,199.17
218103808,54525952,float,1470400,197.77,1471100,197.67
219152384,54788096,float,1476600,197.89,1475800,198.00
220200960,55050240,float,1485300,197.67,1485100,197.70
221249536,55312384,float,1491100,197.84,1489200,198.09
222298112,55574528,float,1493200,198.50,1495200,198.23
223346688,55836672,float,1495000,199.20,1496900,198.95
224395264,56098816,float,1503300,199.02,1504700,198.84
225443840,56360960,float,1515300,198.38,1515700,198.32
226492416,56623104,float,1513400,199.54,1515300,199.29
227540992,56885248,float,1530200,198.27,1532200,198.01
228589568,57147392,float,1536800,198.32,1535400,198.51
229638144,57409536,float,1544800,198.21,1541600,198.61
230686720,57671680,float,1548000,198.70,1547300,198.79
231735296,57933824,float,1553000,198.96,1553100,198.95
232783872,58195968,float,1556900,199.36,1556600,199.39
233832448,58458112,float,1563700,199.38,1564200,199.32
234881024,58720256,float,1571800,199.25,1574100,198.96
235929600,58982400,float,1572300,200.08,1574000,199.86
236978176,59244544,float,1590900,198.61,1589100,198.83
238026752,59506688,float,1596800,198.76,1597000,198.73
239075328,59768832,float,1604700,198.65,1604200,198.71
240123904,60030976,float,1607200,199.20,1610100,198.85
241172480,60293120,float,1612400,199.43,1610400,199.68
242221056,60555264,float,1616900,199.74,1616400,199.80
243269632,60817408,float,1625100,199.60,1622500,199.91
244318208,61079552,float,1631600,199.66,1632400,199.56
245366784,61341696,float,1633500,200.28,1635000,200.10
246415360,61603840,float,1648300,199.33,1648400,199.32
247463936,61865984,float,1656300,199.21,1656600,199.18
248512512,62128128,float,1663900,199.14,1664500,199.07
249561088,62390272,float,1667200,199.59,1667100,199.60
250609664,62652416,float,1671500,199.91,1671300,199.93
251658240,62914560,float,1675600,200.25,1674600,200.38
252706816,63176704,float,1683700,200.13,1684700,200.00
253755392,63438848,float,1692600,199.89,1691200,200.06
254803968,63700992,float,1692100,200.78,1693100,200.66
255852544,63963136,float,1709900,199.51,1707200,199.83
256901120,64225280,float,1713100,199.96,1715800,199.63
257949696,64487424,float,1722900,199.62,1722000,199.72
258998272,64749568,float,1726600,200.00,1725600,200.12
260046848,65011712,float,1729400,200.49,1731900,200.20
261095424,65273856,float,1735400,200.60,1735500,200.59
262144000,65536000,float,1743900,200.43,1741400,200.72
263192576,65798144,float,1752600,200.23,1754100,200.05
264241152,66060288,float,1754100,200.85,1751900,201.11
265289728,66322432,float,1767200,200.16,1768300,200.03
266338304,66584576,float,1773600,200.23,1774100,200.16
267386880,66846720,float,1780800,200.20,1781300,200.14
268435456,67108864,float,1786000,200.40,1786400,200.36
269484032,67371008,float,1792900,200.41,1791200,200.60
270532608,67633152,float,1794000,201.06,1795200,200.93
271581184,67895296,float,1803700,200.75,1803100,200.82
272629760,68157440,float,1810600,200.77,1812800,200.52
273678336,68419584,float,1809400,201.67,1812800,201.30
274726912,68681728,float,1827200,200.48,1828200,200.36
275775488,68943872,float,1835400,200.34,1832000,200.72
276824064,69206016,float,1840600,200.53,1843100,200.26
277872640,69468160,float,1844900,200.82,1847600,200.53
278921216,69730304,float,1848700,201.17,1850700,200.95
279969792,69992448,float,1853000,201.46,1853600,201.39
281018368,70254592,float,1863800,201.04,1861200,201.32
282066944,70516736,float,1871800,200.93,1872500,200.85
283115520,70778880,float,1872000,201.65,1873900,201.44
284164096,71041024,float,1884900,201.01,1887300,200.75
285212672,71303168,float,1893600,200.82,1893900,200.79
286261248,71565312,float,1901200,200.76,1900400,200.84
287309824,71827456,float,1906700,200.91,1905500,201.04
288358400,72089600,float,1909100,201.39,1909600,201.34
289406976,72351744,float,1915500,201.45,1915100,201.50
290455552,72613888,float,1919900,201.72,1922500,201.45
291504128,72876032,float,1934900,200.87,1931000,201.28
292552704,73138176,float,1933300,201.76,1934100,201.68
293601280,73400320,float,1946800,201.09,1947700,200.99
294649856,73662464,float,1955400,200.92,1951800,201.28
295698432,73924608,float,1961800,200.97,1957400,201.42
296747008,74186752,float,1965000,201.35,1965700,201.29
297795584,74448896,float,1967500,201.81,1967800,201.78
298844160,74711040,float,1970900,202.17,1975600,201.69
299892736,74973184,float,1980900,201.86,1982200,201.72
300941312,75235328,float,1993000,201.33,1992400,201.40
301989888,75497472,float,1992500,202.08,1992500,202.09
303038464,75759616,float,2041300,197.93,2039700,198.09
304087040,76021760,float,2047900,197.98,2045600,198.20
305135616,76283904,float,2050500,198.41,2051500,198.32
306184192,76546048,float,2052400,198.91,2053400,198.81
307232768,76808192,float,2056800,199.16,2058600,198.99
308281344,77070336,float,2060800,199.46,2062199,199.32
309329920,77332480,float,2067800,199.46,2063600,199.86
310378496,77594624,float,2077400,199.21,2075800,199.37
311427072,77856768,float,2075600,200.06,2077300,199.89
312475648,78118912,float,2088100,199.52,2089500,199.40
313524224,78381056,float,2095600,199.48,2094000,199.64
314572800,78643200,float,2099600,199.77,2099800,199.75
315621376,78905344,float,2104200,199.99,2104500,199.97
316669952,79167488,float,2107500,200.34,2108100,200.29
317718528,79429632,float,2112000,200.58,2111800,200.60
318767104,79691776,float,2119000,200.58,2117800,200.69
319815680,79953920,float,2129900,200.21,2129000,200.29
320864256,80216064,float,2129700,200.88,2126900,201.15
321912832,80478208,float,2143600,200.24,2143200,200.27
322961408,80740352,float,2145900,200.67,2148500,200.43
324009984,81002496,float,2152900,200.66,2154000,200.57
325058560,81264640,float,2159100,200.74,2157900,200.85
326107136,81526784,float,2162400,201.08,2160000,201.30
327155712,81788928,float,2165700,201.42,2164900,201.49
328204288,82051072,float,2172700,201.41,2171500,201.52
329252864,82313216,float,2182800,201.12,2179700,201.41
330301440,82575360,float,2181200,201.91,2181800,201.85
331350016,82837504,float,2197000,201.09,2197900,201.01
332398592,83099648,float,2205000,200.99,2202600,201.22
333447168,83361792,float,2208300,201.33,2207400,201.41
334495744,83623936,float,2213800,201.46,2213100,201.52
335544320,83886080,float,2218500,201.67,2218100,201.70
336592896,84148224,float,2224400,201.76,2223100,201.88
337641472,84410368,float,2229400,201.93,2226400,202.20
338690048,84672512,float,2240800,201.53,2240400,201.57
339738624,84934656,float,2239600,202.26,2238600,202.35
340787200,85196800,float,2254700,201.53,2253100,201.67
341835776,85458944,float,2261500,201.54,2262000,201.50
342884352,85721088,float,2268500,201.54,2265100,201.84
343932928,85983232,float,2271900,201.84,2271000,201.92
344981504,86245376,float,2275700,202.13,2273800,202.30
346030080,86507520,float,2283000,202.09,2280200,202.33
347078656,86769664,float,2288500,202.22,2285200,202.51
348127232,87031808,float,2297400,202.04,2299200,201.88
349175808,87293952,float,2298200,202.58,2298000,202.59
350224384,87556096,float,2316400,201.59,2311600,202.01
351272960,87818240,float,2318800,201.98,2315300,202.29
352321536,88080384,float,2326600,201.91,2324300,202.10
353370112,88342528,float,2329400,202.27,2329900,202.22
354418688,88604672,float,2333500,202.51,2332900,202.56
355467264,88866816,float,2338200,202.70,2337000,202.81
356515840,89128960,float,2347800,202.47,2343200,202.86
357564416,89391104,float,2356400,202.33,2356100,202.35
358612992,89653248,float,2353900,203.13,2354600,203.07
359661568,89915392,float,2370000,202.34,2371800,202.19
360710144,90177536,float,2376100,202.41,2377300,202.31
361758720,90439680,float,2383200,202.40,2381900,202.51
362807296,90701824,float,2389100,202.48,2385400,202.80
363855872,90963968,float,2390100,202.98,2388100,203.15
364904448,91226112,float,2395000,203.15,2395200,203.13
365953024,91488256,float,2401200,203.20,2400400,203.27
367001600,91750400,float,2414200,202.69,2414000,202.70
368050176,92012544,float,2413800,203.30,2409600,203.65
369098752,92274688,float,2426700,202.80,2428800,202.63
370147328,92536832,float,2435700,202.63,2431500,202.98
371195904,92798976,float,2438800,202.94,2442300,202.65
372244480,93061120,float,2445100,202.99,2443100,203.15
373293056,93323264,float,2450400,203.12,2450800,203.09
374341632,93585408,float,2453200,203.46,2452900,203.48
375390208,93847552,float,2461100,203.37,2460400,203.43
376438784,94109696,float,2469000,203.29,2472100,203.04
377487360,94371840,float,2471100,203.69,2470200,203.76
378535936,94633984,float,2485000,203.10,2484200,203.17
379584512,94896128,float,2492700,203.04,2488400,203.39
380633088,95158272,float,2499400,203.05,2499500,203.04
381681664,95420416,float,2504400,203.20,2503400,203.29
382730240,95682560,float,2508800,203.41,2508600,203.42
383778816,95944704,float,2514600,203.50,2511600,203.74
384827392,96206848,float,2518800,203.71,2517000,203.85
385875968,96468992,float,2526800,203.62,2527300,203.58
386924544,96731136,float,2528700,204.02,2530700,203.86
387973120,96993280,float,2544300,203.32,2542400,203.47
389021696,97255424,float,2547100,203.64,2547700,203.59
390070272,97517568,float,2557400,203.37,2554900,203.56
391118848,97779712,float,2562200,203.53,2561000,203.63
392167424,98041856,float,2567200,203.68,2565300,203.83
393216000,98304000,float,2571800,203.86,2569100,204.08
394264576,98566144,float,2575400,204.12,2578400,203.88
395313152,98828288,float,2585900,203.83,2588000,203.66
396361728,99090432,float,2588600,204.15,2588000,204.20
397410304,99352576,float,2603000,203.56,2601500,203.69
398458880,99614720,float,2606600,203.82,2608400,203.68
399507456,99876864,float,2614100,203.77,2613500,203.82
400556032,100139008,float,2618700,203.95,2616200,204.14
401604608,100401152,float,2628100,203.75,2622400,204.19
402653184,100663296,float,2629200,204.19,2630600,204.09
403701760,100925440,float,2638400,204.02,2639600,203.92
404750336,101187584,float,2644900,204.04,2646500,203.92
405798912,101449728,float,2648200,204.31,2648000,204.33
406847488,101711872,float,2657100,204.16,2661700,203.81
407896064,101974016,float,2663700,204.17,2665100,204.07
408944640,102236160,float,2674500,203.88,2673600,203.94
409993216,102498304,float,2675000,204.36,2679500,204.01
411041792,102760448,float,2681500,204.39,2681800,204.36
412090368,103022592,float,2688500,204.37,2688400,204.38
413138944,103284736,float,2695000,204.40,2696900,204.26
414187520,103546880,float,2702900,204.32,2703000,204.31
415236096,103809024,float,2705100,204.67,2709600,204.33
416284672,104071168,float,2716600,204.32,2716400,204.33
417333248,104333312,float,2725500,204.16,2728000,203.98
418381824,104595456,float,2731300,204.24,2732300,204.17
419430400,104857600,float,2739000,204.17,2734200,204.54
420478976,105119744,float,2741300,204.51,2741600,204.49
421527552,105381888,float,2744700,204.77,2746200,204.66
422576128,105644032,float,2754600,204.54,2753200,204.65
423624704,105906176,float,2762200,204.49,2762800,204.44
424673280,106168320,float,2766000,204.71,2767300,204.62
425721856,106430464,float,2776900,204.41,2774300,204.61
426770432,106692608,float,2784400,204.36,2782400,204.51
427819008,106954752,float,2786600,204.70,2790200,204.44
428867584,107216896,float,2794600,204.61,2796800,204.45
429916160,107479040,float,2797800,204.88,2799600,204.75
430964736,107741184,float,2806600,204.74,2802400,205.05
432013312,108003328,float,2810500,204.95,2814400,204.67
433061888,108265472,float,2821300,204.66,2822500,204.57
434110464,108527616,float,2824300,204.94,2821800,205.12
435159040,108789760,float,2836700,204.54,2837600,204.48
436207616,109051904,float,2840900,204.73,2838900,204.87
437256192,109314048,float,2845300,204.90,2851000,204.49
438304768,109576192,float,2851800,204.93,2856100,204.62
439353344,109838336,float,2860200,204.82,2858400,204.94
440401920,110100480,float,2865500,204.92,2865500,204.92
441450496,110362624,float,2873000,204.87,2870500,205.05
442499072,110624768,float,2879600,204.89,2882300,204.70
443547648,110886912,float,2880100,205.34,2882300,205.18
444596224,111149056,float,2894500,204.80,2896100,204.69
445644800,111411200,float,2902200,204.74,2901300,204.80
446693376,111673344,float,2905900,204.96,2906200,204.94
447741952,111935488,float,2913200,204.93,2913500,204.91
448790528,112197632,float,2916500,205.18,2917700,205.09
449839104,112459776,float,2921200,205.32,2921400,205.31
450887680,112721920,float,2928500,205.29,2931000,205.11
451936256,112984064,float,2940600,204.92,2941900,204.82
452984832,113246208,float,2940200,205.42,2942900,205.23
454033408,113508352,float,2991900,202.34,2989400,202.51
455081984,113770496,float,2995700,202.55,2994600,202.62
456130560,114032640,float,3001000,202.66,3000500,202.69
457179136,114294784,float,3004200,202.91,3004600,202.88
458227712,114556928,float,3009100,203.04,3008300,203.10
459276288,114819072,float,3011100,203.37,3011600,203.34
460324864,115081216,float,3014300,203.62,3018600,203.33
461373440,115343360,float,3024300,203.41,3027100,203.22
462422016,115605504,float,3027200,203.68,3025600,203.78
463470592,115867648,float,3040900,203.21,3040700,203.23
464519168,116129792,float,3043800,203.48,3044800,203.41
465567744,116391936,float,3049800,203.54,3049700,203.55
466616320,116654080,float,3056000,203.59,3054000,203.72
467664896,116916224,float,3057200,203.96,3056500,204.01
468713472,117178368,float,3060300,204.22,3062000,204.10
469762048,117440512,float,3067700,204.17,3069700,204.04
470810624,117702656,float,3078400,203.92,3079700,203.83
471859200,117964800,float,3078900,204.34,3075200,204.58
472907776,118226944,float,3089600,204.08,3091100,203.99
473956352,118489088,float,3095600,204.14,3095300,204.16
475004928,118751232,float,3104500,204.01,3100600,204.26
476053504,119013376,float,3108200,204.21,3105900,204.36
477102080,119275520,float,3112900,204.35,3107200,204.73
478150656,119537664,float,3113500,204.76,3110700,204.95
479199232,119799808,float,3119400,204.83,3121700,204.67
480247808,120061952,float,3132100,204.44,3130300,204.56
481296384,120324096,float,3132000,204.89,3127600,205.18
482344960,120586240,float,3145600,204.45,3146600,204.39
483393536,120848384,float,3148300,204.72,3148700,204.69
484442112,121110528,float,3156900,204.61,3158100,204.53
485490688,121372672,float,3162400,204.70,3160800,204.79
486539264,121634816,float,3167500,204.81,3166000,204.90
487587840,121896960,float,3170500,205.05,3167900,205.22
488636416,122159104,float,3177200,205.06,3176500,205.10
489684992,122421248,float,3190000,204.67,3188000,204.80
490733568,122683392,float,3183000,205.56,3185700,205.39
491782144,122945536,float,3199700,204.93,3202200,204.77
492830720,123207680,float,3204600,205.05,3204200,205.08
493879296,123469824,float,3217600,204.66,3213300,204.93
494927872,123731968,float,3217900,205.07,3214300,205.30
495976448,123994112,float,3220900,205.31,3218900,205.44
497025024,124256256,float,3228000,205.30,3223700,205.57
498073600,124518400,float,3231100,205.53,3230300,205.59
499122176,124780544,float,3246200,205.01,3241100,205.33
500170752,125042688,float,3241300,205.75,3238900,205.90
501219328,125304832,float,3260200,204.98,3249700,205.65
502267904,125566976,float,3262100,205.30,3261800,205.31
503316480,125829120,float,3269700,205.24,3268600,205.31
504365056,126091264,float,3276800,205.23,3271200,205.58
505413632,126353408,float,3275800,205.71,3275900,205.71
506462208,126615552,float,3281100,205.81,3286900,205.44
507510784,126877696,float,3287000,205.86,3287800,205.82
508559360,127139840,float,3300300,205.46,3297100,205.66
509607936,127401984,float,3296400,206.12,3299300,205.95
510656512,127664128,float,3311300,205.62,3311200,205.63
511705088,127926272,float,3319500,205.53,3316800,205.70
512753664,128188416,float,3320400,205.90,3326100,205.55
513802240,128450560,float,3326800,205.92,3327900,205.86
514850816,128712704,float,3336000,205.78,3332200,206.01
515899392,128974848,float,3337900,206.08,3336800,206.15
516947968,129236992,float,3344400,206.09,3342000,206.24
517996544,129499136,float,3354100,205.91,3353700,205.94
519045120,129761280,float,3351800,206.48,3357400,206.13
520093696,130023424,float,3368600,205.86,3369700,205.79
521142272,130285568,float,3376800,205.78,3372500,206.04
522190848,130547712,float,3377000,206.18,3378500,206.08
523239424,130809856,float,3380000,206.41,3385600,206.07
524288000,131072000,float,3390100,206.21,3392100,206.08
525336576,131334144,float,3392800,206.45,3395600,206.28
526385152,131596288,float,3399900,206.43,3405200,206.11
527433728,131858432,float,3410800,206.18,3415300,205.91
528482304,132120576,float,3408700,206.72,3410900,206.59
529530880,132382720,float,3423400,206.24,3429600,205.87
530579456,132644864,float,3429500,206.28,3429000,206.31
531628032,132907008,float,3438300,206.16,3438700,206.13
532676608,133169152,float,3443600,206.25,3445200,206.15
533725184,133431296,float,3441800,206.76,3444500,206.60
534773760,133693440,float,3451400,206.59,3450600,206.64
535822336,133955584,float,3458600,206.57,3459000,206.54
536870912,134217728,float,3466800,206.48,3466200,206.51
537919488,134479872,float,3468300,206.79,3472800,206.53
538968064,134742016,float,3479500,206.53,3484500,206.23
540016640,135004160,float,3486600,206.51,3487800,206.44
541065216,135266304,float,3496900,206.31,3495800,206.37
542113792,135528448,float,3497300,206.68,3500100,206.52
543162368,135790592,float,3502700,206.76,3503700,206.70
544210944,136052736,float,3508500,206.82,3511400,206.64
545259520,136314880,float,3515000,206.83,3519200,206.59
546308096,136577024,float,3523700,206.72,3522500,206.79
547356672,136839168,float,3527600,206.88,3525400,207.01
548405248,137101312,float,3539400,206.59,3540600,206.52
549453824,137363456,float,3544900,206.66,3543700,206.73
550502400,137625600,float,3551800,206.65,3551500,206.67
551550976,137887744,float,3557400,206.72,3556000,206.80
552599552,138149888,float,3562000,206.85,3562400,206.82
553648128,138412032,float,3567900,206.90,3570000,206.78
554696704,138674176,float,3571600,207.08,3577200,206.75
555745280,138936320,float,3582700,206.83,3584300,206.73
556793856,139198464,float,3584600,207.10,3590100,206.79
557842432,139460608,float,3595100,206.89,3596100,206.83
558891008,139722752,float,3608600,206.50,3603200,206.81
559939584,139984896,float,3609700,206.83,3612300,206.68
560988160,140247040,float,3616800,206.81,3617100,206.79
562036736,140509184,float,3616200,207.23,3621300,206.94
563085312,140771328,float,3621700,207.30,3626000,207.06
564133888,141033472,float,3631500,207.13,3631600,207.12
565182464,141295616,float,3642300,206.89,3638400,207.12
566231040,141557760,float,3643600,207.20,3645000,207.12
567279616,141819904,float,3651800,207.13,3655500,206.92
568328192,142082048,float,3657300,207.19,3660200,207.03
569376768,142344192,float,3666800,207.04,3666500,207.06
570425344,142606336,float,3673100,207.07,3673700,207.03
571473920,142868480,float,3679000,207.11,3682200,206.93
572522496,143130624,float,3678200,207.54,3683800,207.22
573571072,143392768,float,3691100,207.19,3691400,207.17
574619648,143654912,float,3698200,207.17,3698100,207.18
575668224,143917056,float,3699800,207.46,3704000,207.22
576716800,144179200,float,3717400,206.85,3715700,206.95
577765376,144441344,float,3716400,207.29,3718100,207.19
578813952,144703488,float,3725800,207.13,3725500,207.15
579862528,144965632,float,3734100,207.05,3731300,207.21
580911104,145227776,float,3739200,207.14,3736600,207.29
581959680,145489920,float,3737600,207.61,3742600,207.33
583008256,145752064,float,3755700,206.98,3749800,207.30
584056832,146014208,float,3754700,207.41,3759100,207.16
585105408,146276352,float,3757300,207.63,3765000,207.21
586153984,146538496,float,3769100,207.35,3772100,207.19
587202560,146800640,float,3775600,207.37,3781700,207.03
588251136,147062784,float,3786300,207.15,3787600,207.08
589299712,147324928,float,3789200,207.36,3795900,207.00
590348288,147587072,float,3795200,207.40,3797100,207.30
591396864,147849216,float,3799300,207.55,3800200,207.50
592445440,148111360,float,3804000,207.66,3807500,207.47
593494016,148373504,float,3819900,207.16,3820100,207.15
594542592,148635648,float,3822600,207.38,3827300,207.12
595591168,148897792,float,3827500,207.48,3827200,207.49
596639744,149159936,float,3834400,207.47,3837200,207.32
597688320,149422080,float,3845200,207.25,3846200,207.20
598736896,149684224,float,3849300,207.39,3850200,207.35
599785472,149946368,float,3854300,207.49,3855100,207.44
600834048,150208512,float,3857000,207.71,3863100,207.37
601882624,150470656,float,3866600,207.55,3866900,207.53
602931200,150732800,float,3878300,207.29,3876600,207.38
603979776,150994944,float,3878600,207.63,3879900,207.56
605028352,151257088,float,3925300,205.51,3922700,205.65
606076928,151519232,float,3933500,205.44,3927600,205.75
607125504,151781376,float,3936400,205.64,3938200,205.55
608174080,152043520,float,3941600,205.73,3939400,205.84
609222656,152305664,float,3940000,206.17,3943900,205.96
610271232,152567808,float,3946100,206.20,3947400,206.13
611319808,152829952,float,3952600,206.22,3949200,206.39
612368384,153092096,float,3961800,206.09,3962800,206.04
613416960,153354240,float,3963500,206.36,3964200,206.32
614465536,153616384,float,3974200,206.15,3980500,205.82
615514112,153878528,float,3978900,206.26,3979800,206.21
616562688,154140672,float,3985900,206.25,3985200,206.28
617611264,154402816,float,3988200,206.48,3988500,206.46
618659840,154664960,float,3991000,206.69,3992500,206.61
619708416,154927104,float,3999700,206.59,3998900,206.63
620756992,155189248,float,4002100,206.81,4004700,206.68
621805568,155451392,float,4014500,206.52,4012700,206.61
622854144,155713536,float,4011500,207.02,4012300,206.98
623902720,155975680,float,4030000,206.42,4029400,206.45
624951296,156237824,float,4028100,206.87,4030700,206.73
625999872,156499968,float,4033500,206.94,4038000,206.70
627048448,156762112,float,4041400,206.87,4045000,206.69
628097024,157024256,float,4041500,207.21,4040500,207.27
629145600,157286400,float,4051800,207.03,4049700,207.14
630194176,157548544,float,4053400,207.30,4058400,207.04
631242752,157810688,float,4065300,207.03,4066800,206.96
632291328,158072832,float,4065400,207.37,4065100,207.39
633339904,158334976,float,4085100,206.72,4081900,206.88
634388480,158597120,float,4082800,207.17,4085100,207.06
635437056,158859264,float,4089700,207.17,4091400,207.08
636485632,159121408,float,4094800,207.25,4095100,207.24
637534208,159383552,float,4093100,207.68,4095700,207.55
638582784,159645696,float,4101700,207.58,4107800,207.27
639631360,159907840,float,4111399,207.43,4106200,207.70
640679936,160169984,float,4124200,207.13,4122300,207.22
641728512,160432128,float,4123600,207.50,4118100,207.78
642777088,160694272,float,4137700,207.13,4134800,207.27
643825664,160956416,float,4134500,207.63,4136500,207.52
644874240,161218560,float,4146100,207.39,4144500,207.46
645922816,161480704,float,4147100,207.67,4150000,207.52
646971392,161742848,float,4154300,207.65,4152899,207.72
648019968,162004992,float,4158000,207.80,4162399,207.58
649068544,162267136,float,4163200,207.88,4165399,207.77
650117120,162529280,float,4173600,207.69,4171500,207.80
651165696,162791424,float,4177399,207.84,4173399,208.04
652214272,163053568,float,4190100,207.54,4190800,207.51
653262848,163315712,float,4192300,207.76,4196000,207.58
654311424,163577856,float,4205600,207.44,4201200,207.66
655360000,163840000,float,4208700,207.62,4206000,207.75
656408576,164102144,float,4209200,207.93,4207500,208.01
657457152,164364288,float,4213800,208.03,4218800,207.79
658505728,164626432,float,4217700,208.17,4219600,208.08
659554304,164888576,float,4232100,207.80,4231400,207.83
660602880,165150720,float,4223800,208.53,4228300,208.31
661651456,165412864,float,4242600,207.94,4245700,207.79
662700032,165675008,float,4253300,207.74,4253700,207.73
663748608,165937152,float,4257900,207.85,4250900,208.19
664797184,166199296,float,4259600,208.09,4260700,208.04
665845760,166461440,float,4260300,208.39,4267200,208.05
666894336,166723584,float,4266900,208.39,4269900,208.24
667942912,166985728,float,4273100,208.42,4276800,208.24
668991488,167247872,float,4282800,208.27,4281400,208.34
670040064,167510016,float,4285500,208.47,4282300,208.62
671088640,167772160,float,4299900,208.09,4301600,208.01
672137216,168034304,float,4305600,208.14,4310200,207.92
673185792,168296448,float,4310700,208.22,4309600,208.28
674234368,168558592,float,4315400,208.32,4311000,208.53
675282944,168820736,float,4316700,208.58,4323500,208.25
676331520,169082880,float,4324000,208.55,4325200,208.49
677380096,169345024,float,4334500,208.37,4328700,208.65
678428672,169607168,float,4339200,208.46,4338300,208.51
679477248,169869312,float,4338800,208.81,4343100,208.60
680525824,170131456,float,4356000,208.31,4358500,208.19
681574400,170393600,float,4360400,208.41,4361600,208.36
682622976,170655744,float,4369200,208.31,4364400,208.54
683671552,170917888,float,4370100,208.59,4369400,208.63
684720128,171180032,float,4377300,208.57,4380600,208.41
685768704,171442176,float,4377200,208.89,4379100,208.80
686817280,171704320,float,4385400,208.82,4381300,209.02
687865856,171966464,float,4394600,208.70,4394900,208.68
688914432,172228608,float,4400200,208.75,4395900,208.96
689963008,172490752,float,4407500,208.72,4409900,208.61
691011584,172752896,float,4414600,208.70,4416100,208.63
692060160,173015040,float,4422100,208.67,4422300,208.66
693108736,173277184,float,4427900,208.71,4427400,208.73
694157312,173539328,float,4430700,208.89,4430500,208.90
695205888,173801472,float,4429700,209.26,4440700,208.74
696254464,174063616,float,4444300,208.88,4443200,208.94
697303040,174325760,float,4455900,208.65,4451300,208.87
698351616,174587904,float,4459700,208.79,4458100,208.86
699400192,174850048,float,4465400,208.83,4462200,208.98
700448768,175112192,float,4469600,208.95,4470500,208.91
701497344,175374336,float,4477600,208.89,4480400,208.76
702545920,175636480,float,4487800,208.73,4485400,208.84
703594496,175898624,float,4491700,208.86,4489400,208.97
704643072,176160768,float,4494800,209.03,4491600,209.17
705691648,176422912,float,4499600,209.11,4498000,209.19
706740224,176685056,float,4510400,208.92,4517400,208.60
707788800,176947200,float,4506700,209.40,4517100,208.92
708837376,177209344,float,4523900,208.92,4525600,208.84
709885952,177471488,float,4530400,208.93,4528000,209.04
710934528,177733632,float,4541100,208.74,4538600,208.86
711983104,177995776,float,4546600,208.80,4542500,208.99
713031680,178257920,float,4543500,209.25,4544400,209.20
714080256,178520064,float,4546400,209.42,4549100,209.30
715128832,178782208,float,4557300,209.23,4562100,209.01
716177408,179044352,float,4568700,209.01,4570300,208.94
717225984,179306496,float,4563700,209.55,4565800,209.45
718274560,179568640,float,4578500,209.17,4583400,208.95
719323136,179830784,float,4583000,209.27,4590700,208.92
720371712,180092928,float,4592500,209.14,4595800,209.00
721420288,180355072,float,4599800,209.11,4605000,208.88
722468864,180617216,float,4603300,209.26,4604700,209.20
723517440,180879360,float,4608700,209.32,4607100,209.39
724566016,181141504,float,4615500,209.31,4620500,209.09
725614592,181403648,float,4622400,209.30,4625700,209.15
726663168,181665792,float,4626500,209.42,4630900,209.22
727711744,181927936,float,4637300,209.23,4643900,208.93
728760320,182190080,float,4639600,209.43,4649500,208.98
729808896,182452224,float,4646900,209.40,4654700,209.05
730857472,182714368,float,4655300,209.33,4656000,209.30
731906048,182976512,float,4657600,209.52,4663200,209.27
732954624,183238656,float,4666600,209.42,4664200,209.53
734003200,183500800,float,4673200,209.42,4676500,209.27
735051776,183762944,float,4680200,209.41,4681100,209.37
736100352,184025088,float,4689300,209.30,4690900,209.23
737148928,184287232,float,4698300,209.19,4701200,209.07
738197504,184549376,float,4699700,209.43,4705300,209.18
739246080,184811520,float,4709500,209.29,4710000,209.27
740294656,185073664,float,4717400,209.24,4719400,209.15
741343232,185335808,float,4718200,209.50,4720300,209.40
742391808,185597952,float,4725600,209.47,4729000,209.31
743440384,185860096,float,4736300,209.29,4739100,209.16
744488960,186122240,float,4745000,209.20,4740400,209.40
745537536,186384384,float,4747300,209.39,4747200,209.40
746586112,186646528,float,4751000,209.52,4757800,209.22
747634688,186908672,float,4767700,209.08,4764800,209.21
748683264,187170816,float,4766100,209.45,4768000,209.37
749731840,187432960,float,4772200,209.47,4770300,209.56
750780416,187695104,float,4781600,209.35,4783200,209.28
751828992,187957248,float,4788500,209.34,4785300,209.48
752877568,188219392,float,4792400,209.47,4791400,209.51
753926144,188481536,float,4801500,209.36,4800200,209.41
754974720,188743680,float,4802500,209.60,4802000,209.63
756023296,189005824,float,4847800,207.94,4846200,208.01
757071872,189267968,float,4853900,207.96,4852300,208.03
758120448,189530112,float,4864500,207.80,4861200,207.94
759169024,189792256,float,4863900,208.11,4864300,208.09
760217600,190054400,float,4864000,208.39,4866600,208.28
761266176,190316544,float,4873400,208.28,4870300,208.41
762314752,190578688,float,4875200,208.49,4875900,208.46
763363328,190840832,float,4886500,208.29,4888600,208.20
764411904,191102976,float,4886000,208.60,4888300,208.50
765460480,191365120,float,4901000,208.25,4902300,208.19
766509056,191627264,float,4910900,208.11,4903100,208.44
767557632,191889408,float,4907800,208.53,4910500,208.41
768606208,192151552,float,4920000,208.29,4916400,208.45
769654784,192413696,float,4917000,208.71,4921700,208.51
770703360,192675840,float,4927400,208.55,4931100,208.39
771751936,192937984,float,4932700,208.61,4929300,208.75
772800512,193200128,float,4940100,208.58,4943100,208.45
773849088,193462272,float,4938900,208.91,4937000,208.99
774897664,193724416,float,4956100,208.47,4951400,208.67
775946240,193986560,float,4955800,208.76,4956600,208.73
776994816,194248704,float,4966400,208.60,4969000,208.49
778043392,194510848,float,4964500,208.96,4962000,209.07
779091968,194772992,float,4969900,209.02,4973600,208.86
780140544,195035136,float,4973200,209.16,4975400,209.07
781189120,195297280,float,4981800,209.08,4978900,209.20
782237696,195559424,float,4992900,208.89,4991000,208.97
783286272,195821568,float,4986500,209.44,4987800,209.39
784334848,196083712,float,5004200,208.98,5000200,209.15
785383424,196345856,float,5007100,209.14,5007200,209.14
786432000,196608000,float,5011900,209.22,5019100,208.92
787480576,196870144,float,5017200,209.27,5016500,209.31
788529152,197132288,float,5017400,209.54,5020300,209.42
789577728,197394432,float,5025200,209.50,5030400,209.28
790626304,197656576,float,5030600,209.55,5029600,209.59
791674880,197918720,float,5043200,209.30,5041300,209.38
792723456,198180864,float,5043300,209.58,5047400,209.41
793772032,198443008,float,5056100,209.32,5054300,209.40
794820608,198705152,float,5062500,209.34,5061800,209.36
795869184,198967296,float,5066700,209.44,5073800,209.14
796917760,199229440,float,5069800,209.59,5072700,209.47
797966336,199491584,float,5073200,209.72,5079000,209.48
799014912,199753728,float,5083500,209.57,5074700,209.94
800063488,200015872,float,5087000,209.70,5085800,209.75
801112064,200278016,float,5095800,209.61,5095200,209.64
802160640,200540160,float,5097000,209.84,5097200,209.83
803209216,200802304,float,5108100,209.66,5110900,209.54
804257792,201064448,float,5115800,209.61,5114000,209.69
805306368,201326592,float,5120700,209.69,5128300,209.38
806354944,201588736,float,5128000,209.66,5123100,209.86
807403520,201850880,float,5133700,209.70,5132900,209.73
808452096,202113024,float,5143100,209.59,5138600,209.77
809500672,202375168,float,5139500,210.01,5139300,210.02
810549248,202637312,float,5149400,209.87,5152700,209.74
811597824,202899456,float,5146700,210.26,5147600,210.22
812646400,203161600,float,5167000,209.70,5161700,209.92
813694976,203423744,float,5164200,210.08,5167800,209.94
814743552,203685888,float,5177200,209.83,5179100,209.75
815792128,203948032,float,5177600,210.08,5169100,210.43
816840704,204210176,float,5183400,210.12,5186700,209.98
817889280,204472320,float,5189500,210.14,5191900,210.04
818937856,204734464,float,5194400,210.21,5200000,209.98
819986432,204996608,float,5207200,209.96,5208100,209.93
821035008,205258752,float,5205000,210.32,5203800,210.37
822083584,205520896,float,5219500,210.00,5219600,210.00
823132160,205783040,float,5215800,210.42,5224500,210.07
824180736,206045184,float,5223500,210.38,5231100,210.07
825229312,206307328,float,5235100,210.18,5236300,210.13
826277888,206569472,float,5233500,210.51,5237400,210.35
827326464,206831616,float,5240000,210.51,5247100,210.23
828375040,207093760,float,5252100,210.30,5254500,210.20
829423616,207355904,float,5257700,210.34,5265700,210.02
830472192,207618048,float,5259600,210.53,5254200,210.75
831520768,207880192,float,5268100,210.45,5275300,210.17
832569344,208142336,float,5276400,210.39,5283000,210.13
833617920,208404480,float,5280300,210.50,5281200,210.46
834666496,208666624,float,5284800,210.58,5291400,210.32
835715072,208928768,float,5290200,210.63,5302000,210.16
836763648,209190912,float,5291900,210.83,5295900,210.67
837812224,209453056,float,5305200,210.56,5305400,210.56
838860800,209715200,float,5314800,210.45,5318400,210.31
839909376,209977344,float,5316800,210.63,5315700,210.67
840957952,210239488,float,5329800,210.38,5329000,210.41
842006528,210501632,float,5331100,210.59,5333600,210.49
843055104,210763776,float,5337900,210.59,5341300,210.45
844103680,211025920,float,5340200,210.75,5345400,210.55
845152256,211288064,float,5350100,210.63,5347300,210.73
846200832,211550208,float,5356900,210.62,5357000,210.62
847249408,211812352,float,5362700,210.65,5366000,210.52
848297984,212074496,float,5369300,210.65,5371500,210.57
849346560,212336640,float,5373300,210.76,5377600,210.59
850395136,212598784,float,5387800,210.45,5383500,210.62
851443712,212860928,float,5395000,210.43,5393000,210.51
852492288,213123072,float,5403700,210.35,5400100,210.49
853540864,213385216,float,5400700,210.72,5404500,210.58
854589440,213647360,float,5403800,210.86,5408400,210.68
855638016,213909504,float,5406600,211.01,5413700,210.73
856686592,214171648,float,5416000,210.90,5421600,210.68
857735168,214433792,float,5426500,210.75,5432600,210.51
858783744,214695936,float,5431600,210.81,5436700,210.61
859832320,214958080,float,5439000,210.78,5444500,210.57
860880896,215220224,float,5445100,210.80,5442000,210.92
861929472,215482368,float,5452600,210.77,5456900,210.60
862978048,215744512,float,5459300,210.77,5466300,210.50
864026624,216006656,float,5462500,210.90,5463400,210.86
865075200,216268800,float,5469400,210.89,5467100,210.98
866123776,216530944,float,5474200,210.96,5481000,210.70
867172352,216793088,float,5481300,210.94,5491800,210.54
868220928,217055232,float,5488100,210.93,5489800,210.87
869269504,217317376,float,5494900,210.93,5498700,210.78
870318080,217579520,float,5495500,211.16,5509100,210.64
871366656,217841664,float,5508400,210.92,5511000,210.82
872415232,218103808,float,5518600,210.78,5516600,210.86
873463808,218365952,float,5519200,211.01,5523100,210.86
874512384,218628096,float,5526600,210.98,5522300,211.15
875560960,218890240,float,5526000,211.26,5530200,211.10
876609536,219152384,float,5536600,211.11,5536600,211.11
877658112,219414528,float,5543800,211.08,5547200,210.95
878706688,219676672,float,5559600,210.74,5552200,211.02
879755264,219938816,float,5568400,210.65,5567300,210.70
880803840,220200960,float,5576200,210.61,5576100,210.61
881852416,220463104,float,5569700,211.11,5569500,211.11
882900992,220725248,float,5569500,211.37,5575400,211.14
883949568,220987392,float,5585700,211.00,5588300,210.91
884998144,221249536,float,5592600,210.99,5604100,210.56
886046720,221511680,float,5596700,211.09,5598400,211.02
887095296,221773824,float,5603200,211.09,5601100,211.17
888143872,222035968,float,5609900,211.09,5613600,210.95
889192448,222298112,float,5613000,211.22,5621700,210.90
890241024,222560256,float,5621900,211.14,5635200,210.64
891289600,222822400,float,5631200,211.04,5633700,210.94
892338176,223084544,float,5637500,211.05,5641300,210.91
893386752,223346688,float,5640400,211.19,5642900,211.09
894435328,223608832,float,5651600,211.02,5661000,210.67
895483904,223870976,float,5657200,211.06,5659500,210.97
896532480,224133120,float,5660600,211.17,5669000,210.86
897581056,224395264,float,5668300,211.13,5676000,210.85
898629632,224657408,float,5677900,211.02,5685200,210.75
899678208,224919552,float,5690100,210.82,5684700,211.02
900726784,225181696,float,5683600,211.30,5694100,210.91
901775360,225443840,float,5688300,211.37,5687000,211.42
902823936,225705984,float,5707100,210.92,5698100,211.26
903872512,225968128,float,5708000,211.14,5701400,211.38
904921088,226230272,float,5716100,211.08,5718700,210.98
905969664,226492416,float,5720800,211.15,5725700,210.97
907018240,226754560,float,5764500,209.79,5763000,209.85
908066816,227016704,float,5769600,209.85,5772500,209.75
909115392,227278848,float,5777600,209.80,5781400,209.67
910163968,227540992,float,5775100,210.13,5773300,210.20
911212544,227803136,float,5782500,210.11,5779400,210.22
912261120,228065280,float,5782900,210.33,5787900,210.15
913309696,228327424,float,5793400,210.20,5799100,209.99
914358272,228589568,float,5814200,209.68,5798500,210.25
915406848,228851712,float,5801200,210.39,5801100,210.40
916455424,229113856,float,5819900,209.96,5812000,210.25
917504000,229376000,float,5820500,210.18,5816000,210.34
918552576,229638144,float,5830900,210.04,5832000,210.00
919601152,229900288,float,5838000,210.03,5829400,210.34
920649728,230162432,float,5839400,210.21,5834300,210.40
921698304,230424576,float,5840700,210.41,5841900,210.37
922746880,230686720,float,5850600,210.29,5844700,210.50
923795456,230948864,float,5858700,210.24,5858000,210.26
924844032,231211008,float,5857400,210.52,5858800,210.47
925892608,231473152,float,5866500,210.44,5866100,210.45
926941184,231735296,float,5870200,210.54,5870400,210.54
927989760,231997440,float,5869400,210.81,5885900,210.22
929038336,232259584,float,5884100,210.52,5885400,210.47
930086912,232521728,float,5884800,210.73,5886300,210.68
931135488,232783872,float,5890100,210.78,5888800,210.83
932184064,233046016,float,5902200,210.58,5893000,210.91
933232640,233308160,float,5909500,210.56,5911800,210.48
934281216,233570304,float,5902100,211.06,5906800,210.89
935329792,233832448,float,5918300,210.72,5908700,211.06
936378368,234094592,float,5925500,210.70,5925600,210.70
937426944,234356736,float,5935300,210.59,5927700,210.86
938475520,234618880,float,5935100,210.83,5939300,210.68
939524096,234881024,float,5930600,211.23,5936400,211.02
940572672,235143168,float,5935900,211.27,5943500,211.00
941621248,235405312,float,5951300,210.96,5947500,211.10
942669824,235667456,float,5962200,210.81,5956400,211.02
943718400,235929600,float,5958800,211.17,5963400,211.00
944766976,236191744,float,5970700,210.98,5970000,211.00
945815552,236453888,float,5981400,210.84,5983300,210.77
946864128,236716032,float,5978300,211.18,5981000,211.08
947912704,236978176,float,5988200,211.06,5991700,210.94
948961280,237240320,float,5992400,211.15,5994000,211.09
950009856,237502464,float,5996500,211.24,5996700,211.23
951058432,237764608,float,6000500,211.33,6008000,211.06
952107008,238026752,float,6005200,211.40,6014400,211.07
953155584,238288896,float,6003400,211.69,6009000,211.50
954204160,238551040,float,6022600,211.25,6012300,211.61
955252736,238813184,float,6030700,211.20,6025500,211.38
956301312,239075328,float,6031300,211.41,6037700,211.19
957349888,239337472,float,6038400,211.39,6032700,211.59
958398464,239599616,float,6043500,211.45,6049100,211.25
959447040,239861760,float,6045700,211.60,6053500,211.33
960495616,240123904,float,6064000,211.19,6054000,211.54
961544192,240386048,float,6063700,211.43,6061300,211.51
962592768,240648192,float,6066700,211.56,6066700,211.56
963641344,240910336,float,6077700,211.41,6077800,211.40
964689920,241172480,float,6082100,211.48,6082800,211.46
965738496,241434624,float,6083900,211.65,6090300,211.43
966787072,241696768,float,6085600,211.82,6098900,211.36
967835648,241958912,float,6100200,211.54,6095900,211.69
968884224,242221056,float,6097600,211.86,6102600,211.69
969932800,242483200,float,6106500,211.78,6106400,211.79
970981376,242745344,float,6111400,211.84,6113200,211.78
972029952,243007488,float,6119700,211.78,6111300,212.07
973078528,243269632,float,6136500,211.43,6140000,211.31
974127104,243531776,float,6133300,211.77,6136800,211.65
975175680,243793920,float,6143300,211.65,6138000,211.83
976224256,244056064,float,6147200,211.75,6147500,211.73
977272832,244318208,float,6147500,211.96,6161000,211.50
978321408,244580352,float,6155500,211.91,6159600,211.77
979369984,244842496,float,6162100,211.91,6162800,211.89
980418560,245104640,float,6166700,211.98,6168200,211.93
981467136,245366784,float,6170600,212.07,6175000,211.92
982515712,245628928,float,6183400,211.86,6190400,211.62
983564288,245891072,float,6196400,211.64,6189000,211.90
984612864,246153216,float,6201600,211.69,6198200,211.81
985661440,246415360,float,6195400,212.13,6208400,211.68
986710016,246677504,float,6202700,212.10,6214400,211.70
987758592,246939648,float,6213800,211.95,6210900,212.05
988807168,247201792,float,6220400,211.95,6220900,211.93
989855744,247463936,float,6224800,212.02,6227900,211.92
990904320,247726080,float,6221100,212.37,6230700,212.05
991952896,247988224,float,6242200,211.88,6237600,212.04
993001472,248250368,float,6248000,211.91,6247700,211.92
994050048,248512512,float,6257600,211.81,6253800,211.93
995098624,248774656,float,6263600,211.83,6250200,212.28
996147200,249036800,float,6259900,212.17,6265100,212.00
997195776,249298944,float,6267800,212.13,6263300,212.28
998244352,249561088,float,6274400,212.13,6273700,212.15
999292928,249823232,float,6283000,212.06,6279600,212.18
1000341504,250085376,float,6277800,212.46,6278100,212.45
1001390080,250347520,float,6289700,212.28,6297700,212.01
1002438656,250609664,float,6297000,212.26,6304100,212.02
1003487232,250871808,float,6307700,212.12,6306300,212.17
1004535808,251133952,float,6309500,212.28,6312800,212.17
1005584384,251396096,float,6314100,212.35,6321200,212.11
1006632960,251658240,float,6318400,212.42,6318200,212.43
1007681536,251920384,float,6331400,212.21,6328100,212.32
1008730112,252182528,float,6340600,212.12,6337800,212.22
1009778688,252444672,float,6339000,212.40,6350600,212.01
1010827264,252706816,float,6347900,212.32,6348900,212.28
1011875840,252968960,float,6358000,212.20,6352000,212.40
1012924416,253231104,float,6360600,212.33,6368700,212.06
1013972992,253493248,float,6361400,212.53,6362700,212.48
1015021568,253755392,float,6372800,212.36,6376200,212.25
1016070144,254017536,float,6374400,212.53,6383800,212.22
1017118720,254279680,float,6400300,211.89,6388600,212.28
1018167296,254541824,float,6394500,212.30,6398000,212.19
1019215872,254803968,float,6393700,212.55,6400100,212.33
1020264448,255066112,float,6407900,212.29,6402000,212.49
1021313024,255328256,float,6416000,212.24,6419700,212.12
1022361600,255590400,float,6415300,212.49,6424800,212.17
1023410176,255852544,float,6425000,212.38,6428800,212.25
1024458752,256114688,float,6435000,212.27,6422900,212.67
1025507328,256376832,float,6434000,212.52,6434900,212.49
1026555904,256638976,float,6443900,212.41,6441200,212.50
1027604480,256901120,float,6448400,212.48,6455600,212.24
1028653056,257163264,float,6458000,212.38,6449000,212.67
1029701632,257425408,float,6453500,212.74,6472500,212.12
1030750208,257687552,float,6470100,212.41,6467800,212.49
1031798784,257949696,float,6479200,212.33,6481000,212.27
1032847360,258211840,float,6484200,212.38,6485200,212.35
1033895936,258473984,float,6488900,212.45,6484400,212.59
1034944512,258736128,float,6497600,212.37,6492500,212.54
1035993088,258998272,float,6503300,212.40,6508700,212.23
1037041664,259260416,float,6516400,212.19,6509300,212.42
1038090240,259522560,float,6502200,212.87,6505400,212.76
1039138816,259784704,float,6524000,212.37,6519000,212.54
1040187392,260046848,float,6538600,212.11,6531600,212.34
1041235968,260308992,float,6534400,212.46,6540400,212.27
1042284544,260571136,float,6540800,212.47,6535500,212.64
1043333120,260833280,float,6552700,212.30,6558600,212.10
1044381696,261095424,float,6557200,212.36,6542600,212.84
1045430272,261357568,float,6559800,212.49,6561400,212.44
1046478848,261619712,float,6568300,212.43,6568900,212.41
1047527424,261881856,float,6564700,212.76,6570200,212.58
1048576000,262144000,float,6579500,212.49,6585800,212.29
1049624576,262406144,float,6588300,212.42,6594200,212.23
1050673152,262668288,float,6598700,212.30,6592700,212.49
1051721728,262930432,float,6601400,212.43,6608500,212.20
1052770304,263192576,float,6610900,212.33,6614000,212.23
1053818880,263454720,float,6599600,212.91,6607700,212.65
1054867456,263716864,float,6617900,212.53,6611700,212.73
1055916032,263979008,float,6625600,212.49,6627800,212.42
1056964608,264241152,float,6626300,212.68,6616500,213.00
1058013184,264503296,float,6664900,211.66,6674300,211.36
1059061760,264765440,float,6672900,211.61,6677400,211.47
1060110336,265027584,float,6685500,211.43,6694700,211.13
1061158912,265289728,float,6692500,211.41,6697500,211.25
1062207488,265551872,float,6689200,211.73,6700400,211.37
1063256064,265814016,float,6701500,211.55,6699500,211.61
1064304640,266076160,float,6701200,211.77,6714600,211.34
1065353216,266338304,float,6712600,211.61,6711400,211.65
1066401792,266600448,float,6711600,211.85,6711200,211.87
1067450368,266862592,float,6734000,211.36,6728600,211.53
1068498944,267124736,float,6741900,211.32,6736900,211.47
1069547520,267386880,float,6737200,211.67,6741300,211.54
1070596096,267649024,float,6734900,211.95,6743400,211.68
1071644672,267911168,float,6750600,211.67,6742500,211.92
1072693248,268173312,float,6755900,211.70,6746700,212.00
1073741824,268435456,float,6757100,211.88,6761300,211.74
