size(B),count,type,time(ns),busbw(GB/s),time(ns),busbw(GB/s)
1048576,262144,float,51400,30.60,52740,29.82
2097152,524288,float,55740,56.44,55940,56.23
3145728,786432,float,64940,72.66,63760,74.01
4194304,1048576,float,77320,81.37,75800,83.00
5242880,1310720,float,84000,93.62,83450,94.24
6291456,1572864,float,104100,90.66,100700,93.68
7340032,1835008,float,109800,100.23,107500,102.43
8388608,2097152,float,116800,107.74,113600,110.79
9437184,2359296,float,120400,117.54,116200,121.80
10485760,2621440,float,132700,118.56,127500,123.40
11534336,2883584,float,133800,129.33,130300,132.77
12582912,3145728,float,139200,135.63,137600,137.20
13631488,3407872,float,162500,125.81,158400,129.08
14680064,3670016,float,169900,129.61,162700,135.32
15728640,3932160,float,175700,134.28,170900,138.05
16777216,4194304,float,179600,140.11,177800,141.56
17825792,4456448,float,184500,144.91,181500,147.31
18874368,4718592,float,187700,150.81,187900,150.70
19922944,4980736,float,196100,152.41,196300,152.21
20971520,5242880,float,199200,157.94,197800,159.00
22020096,5505024,float,205300,160.89,204000,161.91
23068672,5767168,float,220600,156.86,220600,156.89
24117248,6029312,float,215900,167.56,212200,170.47
25165824,6291456,float,220200,171.46,217800,173.33
26214400,6553600,float,251700,156.20,250100,157.22
27262976,6815744,float,255600,160.00,255900,159.78
28311552,7077888,float,260500,162.99,262100,162.02
29360128,7340032,float,267700,164.51,265600,165.83
30408704,7602176,float,269500,169.28,267900,170.24
31457280,7864320,float,274900,171.68,275200,171.48
32505856,8126464,float,280600,173.79,279700,174.34
33554432,8388608,float,284200,177.09,281700,178.69
34603008,8650752,float,288900,179.66,288000,180.21
35651584,8912896,float,308100,173.60,306300,174.58
36700160,9175040,float,300100,183.46,297800,184.83
37748736,9437184,float,305300,185.47,303900,186.33
38797312,9699328,float,338300,172.01,337100,172.63
39845888,9961472,float,344000,173.73,341400,175.06
40894464,10223616,float,350300,175.14,348300,176.10
41943040,10485760,float,354700,177.38,353400,178.00
42991616,10747904,float,359200,179.53,356600,180.84
44040192,11010048,float,365200,180.88,362000,182.48
45088768,11272192,float,369800,182.90,366100,184.75
46137344,11534336,float,374600,184.73,371100,186.48
47185920,11796480,float,379300,186.61,377800,187.34
48234496,12058624,float,400700,180.56,397100,182.20
49283072,12320768,float,389500,189.77,386700,191.15
50331648,12582912,float,396400,190.48,394900,191.17
51380224,12845056,float,432300,178.30,427700,180.18
52428800,13107200,float,437900,179.60,434400,181.02
53477376,13369344,float,444500,180.45,442600,181.25
54525952,13631488,float,448700,182.27,445500,183.57
55574528,13893632,float,452100,184.39,449400,185.51
56623104,14155776,float,460200,184.55,455300,186.55
57671680,14417920,float,464000,186.43,460800,187.73
58720256,14680064,float,466600,188.75,463000,190.25
59768832,14942208,float,473400,189.37,471000,190.34
60817408,15204352,float,492600,185.18,490700,185.91
61865984,15466496,float,482300,192.43,481000,192.94
62914560,15728640,float,485200,194.50,483300,195.26
63963136,15990784,float,528000,181.70,525200,182.68
65011712,16252928,float,530500,183.83,529800,184.07
66060288,16515072,float,540300,183.42,538400,184.05
67108864,16777216,float,543800,185.11,540600,186.20
68157440,17039360,float,546100,187.20,544600,187.73
69206016,17301504,float,553900,187.41,553000,187.74
70254592,17563648,float,558400,188.71,557500,189.01
71303168,17825792,float,560200,190.92,556400,192.22
72351744,18087936,float,569700,190.51,565100,192.05
73400320,18350080,float,584900,188.25,585800,187.94
74448896,18612224,float,574300,194.45,570900,195.61
75497472,18874368,float,579200,195.53,579700,195.36
76546048,19136512,float,620400,185.08,617300,186.01
77594624,19398656,float,621600,187.24,621700,187.22
78643200,19660800,float,633100,186.34,631700,186.74
79691776,19922944,float,635600,188.06,635000,188.26
80740352,20185088,float,637100,190.09,634900,190.76
81788928,20447232,float,644900,190.24,647300,189.53
82837504,20709376,float,651500,190.74,648400,191.64
83886080,20971520,float,651400,193.16,649600,193.69
84934656,21233664,float,658400,193.50,658700,193.41
85983232,21495808,float,678900,189.97,678000,190.24
87031808,21757952,float,663800,196.67,661600,197.31
88080384,22020096,float,671600,196.72,670100,197.17
89128960,22282240,float,710800,188.08,710200,188.25
90177536,22544384,float,715200,189.13,711900,190.00
91226112,22806528,float,721600,189.64,723700,189.08
92274688,23068672,float,727600,190.22,726200,190.59
93323264,23330816,float,728400,192.18,728200,192.23
94371840,23592960,float,739500,191.42,736700,192.14
95420416,23855104,float,741000,193.16,742700,192.73
96468992,24117248,float,740100,195.52,742000,195.01
97517568,24379392,float,748200,195.51,749000,195.30
98566144,24641536,float,768500,192.38,767200,192.72
99614720,24903680,float,748700,199.56,751800,198.75
100663296,25165824,float,762700,197.97,760900,198.44
101711872,25427968,float,799400,190.86,799500,190.83
102760448,25690112,float,802300,192.12,800900,192.45
103809024,25952256,float,813400,191.44,810400,192.14
104857600,26214400,float,816400,192.65,816200,192.71
105906176,26476544,float,814800,194.96,815400,194.82
106954752,26738688,float,827800,193.80,826300,194.16
108003328,27000832,float,830500,195.07,829900,195.20
109051904,27262976,float,828700,197.40,828700,197.40
110100480,27525120,float,838700,196.91,836800,197.36
111149056,27787264,float,855400,194.90,852900,195.48
112197632,28049408,float,837900,200.85,839000,200.59
113246208,28311552,float,847400,200.46,848600,200.18
114294784,28573696,float,885300,193.64,884900,193.73
115343360,28835840,float,889000,194.62,887100,195.04
116391936,29097984,float,902100,193.54,900900,193.79
117440512,29360128,float,900700,195.59,901000,195.52
118489088,29622272,float,902900,196.86,903100,196.81
119537664,29884416,float,914000,196.18,912600,196.48
120586240,30146560,float,918000,197.04,916700,197.32
121634816,30408704,float,913100,199.81,913300,199.78
122683392,30670848,float,923600,199.25,923300,199.32
123731968,30932992,float,940300,197.39,942200,196.98
124780544,31195136,float,927900,201.71,925400,202.26
125829120,31457280,float,933600,202.16,934500,201.98
126877696,31719424,float,971300,195.93,972200,195.77
127926272,31981568,float,974100,196.99,971900,197.43
128974848,32243712,float,982200,196.96,987800,195.85
130023424,32505856,float,990100,196.99,989100,197.18
131072000,32768000,float,986800,199.24,986900,199.23
132120576,33030144,float,1002500,197.68,997000,198.78
133169152,33292288,float,1001400,199.47,1002800,199.21
134217728,33554432,float,998600,201.61,1000700,201.19
135266304,33816576,float,1012400,200.41,1010500,200.78
136314880,34078720,float,1024700,199.54,1025700,199.35
137363456,34340864,float,1010400,203.93,1010500,203.90
138412032,34603008,float,1018200,203.90,1018900,203.77
139460608,34865152,float,1059400,197.46,1058500,197.62
140509184,35127296,float,1058500,199.12,1058500,199.11
141557760,35389440,float,1070900,198.28,1076700,197.21
142606336,35651584,float,1075200,198.94,1075500,198.89
143654912,35913728,float,1072000,201.01,1070800,201.23
144703488,36175872,float,1089100,199.30,1083200,200.37
145752064,36438016,float,1084800,201.53,1087700,200.99
146800640,36700160,float,1085600,202.84,1086600,202.65
147849216,36962304,float,1095200,202.49,1095200,202.50
148897792,37224448,float,1112900,200.69,1109200,201.37
149946368,37486592,float,1096000,205.23,1094800,205.44
150994944,37748736,float,1103600,205.23,1102300,205.48
152043520,38010880,float,1143300,199.49,1142100,199.70
153092096,38273024,float,1143600,200.81,1142600,200.97
154140672,38535168,float,1156300,199.96,1153700,200.40
155189248,38797312,float,1164700,199.86,1156500,201.28
156237824,39059456,float,1157500,202.47,1157600,202.45
157286400,39321600,float,1169500,201.74,1173400,201.07
158334976,39583744,float,1172200,202.61,1176500,201.87
159383552,39845888,float,1168900,204.53,1169600,204.40
160432128,40108032,float,1177500,204.37,1183200,203.39
161480704,40370176,float,1195100,202.69,1195300,202.64
162529280,40632320,float,1178600,206.85,1179700,206.66
163577856,40894464,float,1187000,206.71,1187800,206.58
164626432,41156608,float,1238200,199.43,1229300,200.88
165675008,41418752,float,1230300,202.00,1227400,202.47
166723584,41680896,float,1238600,201.91,1246400,200.64
167772160,41943040,float,1245200,202.10,1255000,200.53
168820736,42205184,float,1240200,204.18,1244100,203.54
169869312,42467328,float,1252100,203.50,1260400,202.17
170917888,42729472,float,1257600,203.86,1256600,204.03
171966464,42991616,float,1255200,205.50,1253200,205.83
173015040,43253760,float,1269300,204.46,1271900,204.04
174063616,43515904,float,1289800,202.43,1291400,202.19
175112192,43778048,float,1262400,208.07,1264800,207.67
176160768,44040192,float,1274000,207.42,1273800,207.45
177209344,44302336,float,1313600,202.35,1314500,202.22
178257920,44564480,float,1316300,203.13,1311000,203.96
179306496,44826624,float,1327800,202.55,1324400,203.08
180355072,45088768,float,1329300,203.51,1334400,202.74
181403648,45350912,float,1327100,205.04,1326400,205.15
182452224,45613056,float,1338400,204.49,1345700,203.37
183500800,45875200,float,1339700,205.46,1341600,205.17
184549376,46137344,float,1341500,206.35,1340300,206.54
185597952,46399488,float,1349300,206.33,1350100,206.21
186646528,46661632,float,1373300,203.87,1374200,203.74
187695104,46923776,float,1350000,208.55,1350900,208.42
188743680,47185920,float,1359600,208.23,1358500,208.41
189792256,47448064,float,1396800,203.82,1408700,202.09
190840832,47710208,float,1398200,204.73,1397800,204.80
191889408,47972352,float,1420300,202.66,1412100,203.83
192937984,48234496,float,1423300,203.34,1427200,202.78
193986560,48496640,float,1411800,206.11,1414200,205.76
195035136,48758784,float,1421500,205.81,1423000,205.59
196083712,49020928,float,1428400,205.91,1429300,205.79
197132288,49283072,float,1425200,207.47,1429000,206.93
198180864,49545216,float,1435000,207.15,1442700,206.05
199229440,49807360,float,1451900,205.83,1462500,204.33
200278016,50069504,float,1432500,209.72,1435800,209.24
201326592,50331648,float,1442300,209.38,1444700,209.04
202375168,50593792,float,1503800,201.86,1504400,201.79
203423744,50855936,float,1509900,202.09,1508600,202.26
204472320,51118080,float,1512100,202.83,1511400,202.93
205520896,51380224,float,1518700,202.98,1520900,202.70
206569472,51642368,float,1521000,203.72,1521100,203.70
207618048,51904512,float,1522100,204.60,1522200,204.60
208666624,52166656,float,1528400,204.78,1528200,204.82
209715200,52428800,float,1531800,205.36,1529900,205.62
210763776,52690944,float,1535100,205.95,1537000,205.69
211812352,52953088,float,1547700,205.28,1545900,205.53
212860928,53215232,float,1548100,206.25,1544700,206.71
213909504,53477376,float,1552700,206.64,1552400,206.69
214958080,53739520,float,1573600,204.90,1572800,205.01
216006656,54001664,float,1577500,205.40,1578700,205.24
217055232,54263808,float,1584000,205.54,1581200,205.90
218103808,54525952,float,1589100,205.87,1587500,206.09
219152384,54788096,float,1593100,206.35,1590300,206.71
220200960,55050240,float,1597400,206.78,1595900,206.96
221249536,55312384,float,1603800,206.93,1604700,206.82
222298112,55574528,float,1608900,207.25,1607900,207.38
223346688,55836672,float,1614600,207.50,1612900,207.71
224395264,56098816,float,1628200,206.73,1627900,206.77
225443840,56360960,float,1625600,208.02,1625200,208.08
226492416,56623104,float,1631100,208.29,1632200,208.14
227540992,56885248,float,1654500,206.29,1655700,206.14
228589568,57147392,float,1657400,206.88,1657400,206.88
229638144,57409536,float,1663100,207.12,1663200,207.10
230686720,57671680,float,1670200,207.18,1668800,207.36
231735296,57933824,float,1672900,207.79,1673300,207.74
232783872,58195968,float,1679100,207.96,1678500,208.03
233832448,58458112,float,1685400,208.11,1685600,208.09
234881024,58720256,float,1689500,208.53,1688500,208.66
235929600,58982400,float,1696700,208.57,1695800,208.69
236978176,59244544,float,1710300,207.84,1708700,208.04
238026752,59506688,float,1706200,209.26,1708400,208.99
239075328,59768832,float,1712900,209.36,1715800,209.01
240123904,60030976,float,1737500,207.30,1737600,207.29
241172480,60293120,float,1741400,207.74,1743000,207.54
242221056,60555264,float,1748900,207.75,1746100,208.08
243269632,60817408,float,1754700,207.96,1752900,208.18
244318208,61079552,float,1757600,208.51,1757600,208.50
245366784,61341696,float,1765800,208.43,1760900,209.02
246415360,61603840,float,1771300,208.67,1769600,208.88
247463936,61865984,float,1774700,209.16,1775700,209.04
248512512,62128128,float,1780300,209.39,1778300,209.63
249561088,62390272,float,1798500,208.14,1794500,208.60
250609664,62652416,float,1795400,209.37,1792500,209.71
251658240,62914560,float,1797700,209.99,1798400,209.91
252706816,63176704,float,1825100,207.69,1820100,208.26
253755392,63438848,float,1829800,208.01,1825800,208.48
254803968,63700992,float,1835500,208.23,1834000,208.40
255852544,63963136,float,1841800,208.37,1842300,208.32
256901120,64225280,float,1843700,209.01,1844700,208.89
257949696,64487424,float,1850400,209.11,1851200,209.02
258998272,64749568,float,1857200,209.18,1856900,209.22
260046848,65011712,float,1859200,209.81,1858700,209.86
261095424,65273856,float,1865100,209.99,1864600,210.04
262144000,65536000,float,1881400,209.00,1882800,208.85
263192576,65798144,float,1877200,210.30,1875300,210.52
264241152,66060288,float,1885200,210.25,1885100,210.26
265289728,66322432,float,1911400,208.19,1911100,208.23
266338304,66584576,float,1915100,208.61,1915400,208.58
267386880,66846720,float,1919300,208.97,1921800,208.70
268435456,67108864,float,1929000,208.73,1927700,208.88
269484032,67371008,float,1931000,209.33,1930800,209.36
270532608,67633152,float,1934900,209.73,1936100,209.59
271581184,67895296,float,1940700,209.91,1941000,209.87
272629760,68157440,float,1946400,210.10,1943700,210.39
273678336,68419584,float,1952900,210.21,1950600,210.46
274726912,68681728,float,1967200,209.48,1969200,209.27
275775488,68943872,float,1961400,210.91,1961900,210.85
276824064,69206016,float,1966400,211.17,1969200,210.86
277872640,69468160,float,1998000,208.61,1997300,208.69
278921216,69730304,float,2004600,208.71,1998500,209.34
279969792,69992448,float,2012000,208.73,2006500,209.30
281018368,70254592,float,2019800,208.70,2015500,209.14
282066944,70516736,float,2018900,209.57,2018400,209.62
283115520,70778880,float,2027600,209.45,2026200,209.59
284164096,71041024,float,2031300,209.84,2028600,210.12
285212672,71303168,float,2029300,210.82,2028700,210.88
286261248,71565312,float,2039100,210.58,2037700,210.73
287309824,71827456,float,2055600,209.65,2054400,209.78
288358400,72089600,float,2046700,211.34,2048400,211.16
289406976,72351744,float,2054199,211.33,2050400,211.72
290455552,72613888,float,2087400,208.72,2088400,208.62
291504128,72876032,float,2088500,209.37,2087500,209.46
292552704,73138176,float,2098400,209.13,2095800,209.39
293601280,73400320,float,2105400,209.18,2102400,209.47
294649856,73662464,float,2106300,209.84,2102800,210.19
295698432,73924608,float,2109700,210.24,2109600,210.25
296747008,74186752,float,2115400,210.42,2114300,210.53
297795584,74448896,float,2116700,211.03,2115300,211.17
298844160,74711040,float,2121600,211.29,2124600,210.99
299892736,74973184,float,2136900,210.51,2139300,210.28
300941312,75235328,float,2130600,211.87,2129500,211.98
301989888,75497472,float,2139400,211.73,2139400,211.73
303038464,75759616,float,2168700,209.60,2166800,209.79
304087040,76021760,float,2180300,209.21,2168500,210.34
305135616,76283904,float,2184600,209.52,2183000,209.67
306184192,76546048,float,2188100,209.90,2185700,210.13
307232768,76808192,float,2190500,210.39,2190500,210.39
308281344,77070336,float,2197400,210.44,2197300,210.45
309329920,77332480,float,2205800,210.35,2203900,210.53
310378496,77594624,float,2203500,211.29,2198900,211.72
311427072,77856768,float,2210600,211.32,2205600,211.79
312475648,78118912,float,2230600,210.13,2232000,210.00
313524224,78381056,float,2217900,212.04,2221100,211.73
314572800,78643200,float,2222900,212.28,2223800,212.18
315621376,78905344,float,2261400,209.36,2258700,209.61
316669952,79167488,float,2261100,210.07,2259400,210.23
317718528,79429632,float,2270100,209.94,2267500,210.18
318767104,79691776,float,2274800,210.20,2276200,210.06
319815680,79953920,float,2273300,211.03,2272500,211.10
320864256,80216064,float,2279300,211.16,2278400,211.24
321912832,80478208,float,2288600,210.99,2290700,210.80
322961408,80740352,float,2285000,212.01,2285700,211.94
324009984,81002496,float,2294800,211.79,2293000,211.96
325058560,81264640,float,2318100,210.34,2310900,210.99
326107136,81526784,float,2302700,212.43,2302400,212.46
327155712,81788928,float,2315000,211.98,2308500,212.58
328204288,82051072,float,2339500,210.43,2341000,210.30
329252864,82313216,float,2347200,210.41,2349300,210.22
330301440,82575360,float,2360600,209.88,2355900,210.30
331350016,82837504,float,2358600,210.73,2362500,210.38
332398592,83099648,float,2364900,210.84,2355900,211.64
333447168,83361792,float,2365600,211.44,2372100,210.86
334495744,83623936,float,2376500,211.12,2378100,210.99
335544320,83886080,float,2370900,212.29,2369300,212.43
336592896,84148224,float,2374600,212.62,2381400,212.02
337641472,84410368,float,2397700,211.23,2401600,210.89
338690048,84672512,float,2387200,212.82,2389800,212.58
339738624,84934656,float,2401100,212.24,2392800,212.98
340787200,85196800,float,2427800,210.55,2424400,210.85
341835776,85458944,float,2424900,211.46,2428700,211.12
342884352,85721088,float,2437900,210.97,2437000,211.05
343932928,85983232,float,2439100,211.52,2446600,210.86
344981504,86245376,float,2447700,211.41,2446500,211.51
346030080,86507520,float,2451100,211.76,2449400,211.90
347078656,86769664,float,2456700,211.92,2456800,211.91
348127232,87031808,float,2456600,212.57,2457200,212.51
349175808,87293952,float,2465600,212.42,2466400,212.36
350224384,87556096,float,2476700,212.11,2483000,211.57
351272960,87818240,float,2476600,212.76,2469700,213.35
352321536,88080384,float,2478300,213.25,2484500,212.71
353370112,88342528,float,2519000,210.42,2526100,209.83
354418688,88604672,float,2512200,211.62,2513400,211.51
355467264,88866816,float,2528400,210.88,2524500,211.21
356515840,89128960,float,2529800,211.39,2529000,211.45
357564416,89391104,float,2532500,211.79,2525400,212.38
358612992,89653248,float,2532900,212.38,2534400,212.25
359661568,89915392,float,2548000,211.73,2546600,211.85
360710144,90177536,float,2539000,213.10,2542600,212.80
361758720,90439680,float,2556200,212.28,2544400,213.27
362807296,90701824,float,2564800,212.19,2569700,211.78
363855872,90963968,float,2558900,213.29,2555600,213.57
364904448,91226112,float,2568200,213.13,2562300,213.62
365953024,91488256,float,2598800,211.23,2592800,211.71
367001600,91750400,float,2593500,212.26,2596800,211.99
368050176,92012544,float,2608900,211.61,2609400,211.57
369098752,92274688,float,2620900,211.24,2609300,212.18
370147328,92536832,float,2610000,212.73,2613900,212.41
371195904,92798976,float,2616700,212.79,2627300,211.93
372244480,93061120,float,2620300,213.09,2621500,212.99
373293056,93323264,float,2624800,213.32,2620700,213.66
374341632,93585408,float,2640100,212.69,2631900,213.35
375390208,93847552,float,2654700,212.11,2652900,212.25
376438784,94109696,float,2643200,213.63,2641000,213.80
377487360,94371840,float,2660400,212.83,2648500,213.80
378535936,94633984,float,2676700,212.13,2679900,211.87
379584512,94896128,float,2687500,211.86,2687800,211.84
380633088,95158272,float,2699300,211.52,2699000,211.54
381681664,95420416,float,2690900,212.76,2696900,212.29
382730240,95682560,float,2700900,212.55,2700300,212.61
383778816,95944704,float,2703000,212.97,2705000,212.81
384827392,96206848,float,2716200,212.52,2708300,213.14
385875968,96468992,float,2718900,212.89,2708100,213.73
386924544,96731136,float,2719400,213.42,2711300,214.06
387973120,96993280,float,2736800,212.64,2736800,212.65
389021696,97255424,float,2733400,213.48,2727900,213.91
390070272,97517568,float,2734200,213.99,2744200,213.21
391118848,97779712,float,2767100,212.02,2769800,211.81
392167424,98041856,float,2769900,212.37,2764300,212.80
393216000,98304000,float,2781200,212.08,2783000,211.94
394264576,98566144,float,2784100,212.42,2792600,211.77
395313152,98828288,float,2782300,213.12,2777200,213.51
396361728,99090432,float,2788600,213.21,2789400,213.15
397410304,99352576,float,2795600,213.24,2797900,213.06
398458880,99614720,float,2801600,213.34,2792700,214.02
399507456,99876864,float,2800200,214.01,2803000,213.79
400556032,100139008,float,2813100,213.59,2818000,213.21
401604608,100401152,float,2810600,214.34,2809200,214.44
402653184,100663296,float,2820700,214.12,2821500,214.06
403701760,100925440,float,2877500,210.44,2879800,210.27
404750336,101187584,float,2884300,210.49,2882500,210.62
405798912,101449728,float,2888200,210.76,2889700,210.64
406847488,101711872,float,2894700,210.82,2896200,210.71
407896064,101974016,float,2898300,211.11,2899900,210.99
408944640,102236160,float,2901300,211.43,2902000,211.38
409993216,102498304,float,2906900,211.56,2905300,211.68
411041792,102760448,float,2907800,212.04,2910900,211.81
412090368,103022592,float,2912700,212.22,2912600,212.23
413138944,103284736,float,2923400,211.98,2924800,211.88
414187520,103546880,float,2926700,212.28,2926200,212.32
415236096,103809024,float,2930500,212.54,2931200,212.49
416284672,104071168,float,2950500,211.63,2948400,211.79
417333248,104333312,float,2955200,211.83,2951700,212.08
418381824,104595456,float,2955900,212.31,2957600,212.19
419430400,104857600,float,2963300,212.31,2965000,212.19
420478976,105119744,float,2968600,212.47,2968100,212.50
421527552,105381888,float,2974800,212.55,2972900,212.69
422576128,105644032,float,2982700,212.51,2980500,212.67
423624704,105906176,float,2983500,212.99,2982100,213.09
424673280,106168320,float,2989900,213.06,2990400,213.01
425721856,106430464,float,3004800,212.52,3003900,212.59
426770432,106692608,float,2999400,213.43,2999400,213.43
427819008,106954752,float,3002400,213.74,3004600,213.58
428867584,107216896,float,3026200,212.58,3028100,212.44
429916160,107479040,float,3027700,212.99,3030300,212.81
430964736,107741184,float,3036000,212.93,3033500,213.10
432013312,108003328,float,3039500,213.20,3039600,213.19
433061888,108265472,float,3039900,213.69,3045900,213.27
434110464,108527616,float,3050900,213.43,3047400,213.68
435159040,108789760,float,3058300,213.43,3056800,213.54
436207616,109051904,float,3058400,213.94,3063000,213.62
437256192,109314048,float,3064100,214.05,3065700,213.95
438304768,109576192,float,3081700,213.34,3079800,213.48
439353344,109838336,float,3076000,214.25,3076100,214.24
440401920,110100480,float,3080700,214.43,3083200,214.26
441450496,110362624,float,3102900,213.41,3102400,213.44
442499072,110624768,float,3108200,213.55,3106500,213.67
443547648,110886912,float,3112300,213.77,3116600,213.47
444596224,111149056,float,3123100,213.54,3121100,213.67
445644800,111411200,float,3123600,214.00,3125100,213.90
446693376,111673344,float,3126400,214.32,3131000,214.00
447741952,111935488,float,3134200,214.28,3139900,213.90
448790528,112197632,float,3140200,214.38,3142300,214.23
449839104,112459776,float,3145300,214.53,3147100,214.41
450887680,112721920,float,3160000,214.03,3160400,214.00
451936256,112984064,float,3158100,214.65,3157900,214.67
452984832,113246208,float,3165600,214.65,3165500,214.65
454033408,113508352,float,3184900,213.83,3187200,213.68
455081984,113770496,float,3191600,213.88,3193300,213.77
456130560,114032640,float,3195900,214.08,3197200,214.00
457179136,114294784,float,3204100,214.03,3199100,214.36
458227712,114556928,float,3203900,214.53,3207300,214.30
459276288,114819072,float,3210600,214.57,3213300,214.39
460324864,115081216,float,3219900,214.44,3220900,214.38
461373440,115343360,float,3219200,214.98,3219800,214.94
462422016,115605504,float,3226000,215.01,3229000,214.81
463470592,115867648,float,3242900,214.38,3241700,214.46
464519168,116129792,float,3237400,215.22,3242200,214.91
465567744,116391936,float,3246700,215.10,3243900,215.28
466616320,116654080,float,3268700,214.13,3266000,214.31
467664896,116916224,float,3270800,214.47,3273300,214.31
468713472,117178368,float,3275700,214.63,3278500,214.45
469762048,117440512,float,3288700,214.26,3285700,214.46
470810624,117702656,float,3287900,214.79,3289800,214.67
471859200,117964800,float,3293600,214.90,3295500,214.78
472907776,118226944,float,3299900,214.96,3302900,214.77
473956352,118489088,float,3308600,214.87,3303700,215.19
475004928,118751232,float,3308700,215.34,3310500,215.23
476053504,119013376,float,3327200,214.62,3323000,214.89
477102080,119275520,float,3322500,215.39,3325400,215.21
478150656,119537664,float,3328800,215.46,3328200,215.50
479199232,119799808,float,3349900,214.57,3349200,214.62
480247808,120061952,float,3353400,214.82,3352900,214.85
481296384,120324096,float,3362000,214.74,3365100,214.54
482344960,120586240,float,3363400,215.11,3364600,215.04
483393536,120848384,float,3371200,215.08,3371100,215.09
484442112,121110528,float,3376300,215.22,3376200,215.23
485490688,121372672,float,3382200,215.32,3385600,215.10
486539264,121634816,float,3387900,215.42,3381100,215.85
487587840,121896960,float,3390300,215.73,3394500,215.46
488636416,122159104,float,3411600,214.84,3405000,215.26
489684992,122421248,float,3405000,215.72,3406000,215.66
490733568,122683392,float,3406300,216.10,3405100,216.18
491782144,122945536,float,3431000,215.00,3432900,214.89
492830720,123207680,float,3436000,215.15,3434800,215.22
493879296,123469824,float,3442600,215.19,3441100,215.28
494927872,123731968,float,3448400,215.28,3453900,214.94
495976448,123994112,float,3450200,215.63,3453000,215.46
497025024,124256256,float,3455500,215.75,3461500,215.38
498073600,124518400,float,3463900,215.68,3466300,215.53
499122176,124780544,float,3471900,215.64,3467800,215.89
500170752,125042688,float,3472400,216.06,3474400,215.94
501219328,125304832,float,3490100,215.42,3488600,215.51
502267904,125566976,float,3486000,216.12,3483600,216.27
503316480,125829120,float,3492200,216.19,3494300,216.06
504365056,126091264,float,3516600,215.14,3514700,215.25
505413632,126353408,float,3520600,215.34,3517000,215.56
506462208,126615552,float,3529600,215.23,3524100,215.57
507510784,126877696,float,3532000,215.53,3532500,215.51
508559360,127139840,float,3533600,215.88,3532200,215.97
509607936,127401984,float,3537000,216.12,3545400,215.61
510656512,127664128,float,3545400,216.05,3549300,215.82
511705088,127926272,float,3551300,216.14,3551000,216.15
512753664,128188416,float,3562100,215.92,3559000,216.11
513802240,128450560,float,3569600,215.91,3568500,215.97
514850816,128712704,float,3565800,216.58,3570600,216.28
515899392,128974848,float,3574000,216.52,3578200,216.27
516947968,129236992,float,3595700,215.65,3597800,215.53
517996544,129499136,float,3598600,215.91,3601000,215.77
519045120,129761280,float,3606600,215.87,3613200,215.48
520093696,130023424,float,3620100,215.50,3616200,215.74
521142272,130285568,float,3616800,216.14,3621300,215.87
522190848,130547712,float,3621100,216.31,3624300,216.12
523239424,130809856,float,3630300,216.20,3628900,216.28
524288000,131072000,float,3633500,216.44,3634800,216.36
525336576,131334144,float,3641100,216.42,3644300,216.23
526385152,131596288,float,3656100,215.96,3659100,215.78
527433728,131858432,float,3654800,216.47,3654000,216.52
528482304,132120576,float,3665500,216.26,3659400,216.63
529530880,132382720,float,3678000,215.96,3688100,215.37
530579456,132644864,float,3687500,215.83,3684200,216.02
531628032,132907008,float,3684800,216.41,3688600,216.19
532676608,133169152,float,3699800,215.96,3704900,215.67
533725184,133431296,float,3705900,216.03,3703200,216.19
534773760,133693440,float,3706400,216.43,3711300,216.14
535822336,133955584,float,3711300,216.56,3714800,216.36
536870912,134217728,float,3720000,216.48,3720500,216.45
537919488,134479872,float,3726400,216.53,3721200,216.83
538968064,134742016,float,3739600,216.19,3740700,216.12
540016640,135004160,float,3737200,216.75,3738500,216.67
541065216,135266304,float,3742500,216.86,3750100,216.42
542113792,135528448,float,3766400,215.90,3768300,215.79
543162368,135790592,float,3765400,216.38,3763900,216.46
544210944,136052736,float,3775200,216.23,3780900,215.90
545259520,136314880,float,3782100,216.25,3781500,216.29
546308096,136577024,float,3780800,216.75,3786200,216.43
547356672,136839168,float,3792100,216.51,3795900,216.30
548405248,137101312,float,3800100,216.47,3799000,216.53
549453824,137363456,float,3799200,216.94,3802800,216.73
550502400,137625600,float,3809100,216.78,3806800,216.92
551550976,137887744,float,3820900,216.53,3819200,216.62
552599552,138149888,float,3819700,217.00,3821600,216.90
553648128,138412032,float,3827700,216.96,3829500,216.86
554696704,138674176,float,3846200,216.33,3848600,216.19
555745280,138936320,float,3849900,216.53,3852500,216.39
556793856,139198464,float,3854400,216.69,3862900,216.21
557842432,139460608,float,3865200,216.48,3865900,216.45
558891008,139722752,float,3864900,216.91,3867100,216.79
559939584,139984896,float,3871300,216.96,3875400,216.73
560988160,140247040,float,3879900,216.88,3880900,216.83
562036736,140509184,float,3890100,216.72,3889700,216.74
563085312,140771328,float,3891000,217.07,3893500,216.93
564133888,141033472,float,3902600,216.83,3906700,216.60
565182464,141295616,float,3901900,217.27,3908100,216.93
566231040,141557760,float,3910300,217.21,3911800,217.12
567279616,141819904,float,3926100,216.74,3932800,216.36
568328192,142082048,float,3931400,216.84,3933700,216.72
569376768,142344192,float,3938000,216.88,3942400,216.63
570425344,142606336,float,3950200,216.61,3952200,216.50
571473920,142868480,float,3954900,216.75,3953200,216.84
572522496,143130624,float,3959800,216.88,3960000,216.86
573571072,143392768,float,3963100,217.09,3966800,216.89
574619648,143654912,float,3972200,216.99,3969400,217.14
575668224,143917056,float,3971100,217.45,3973700,217.31
576716800,144179200,float,3985500,217.06,3991500,216.73
577765376,144441344,float,3989900,217.21,3992000,217.10
578813952,144703488,float,3997300,217.20,3997900,217.17
579862528,144965632,float,4008700,216.98,4011700,216.81
580911104,145227776,float,4013400,217.11,4018000,216.87
581959680,145489920,float,4023400,216.96,4027000,216.77
583008256,145752064,float,4033100,216.83,4028300,217.09
584056832,146014208,float,4035100,217.12,4034300,217.16
585105408,146276352,float,4043000,217.08,4039500,217.27
586153984,146538496,float,4049300,217.13,4045600,217.33
587202560,146800640,float,4053400,217.30,4054600,217.24
588251136,147062784,float,4058300,217.42,4061700,217.24
589299712,147324928,float,4067100,217.34,4069700,217.20
590348288,147587072,float,4069300,217.61,4075600,217.28
591396864,147849216,float,4078200,217.52,4083600,217.23
592445440,148111360,float,4094900,217.02,4099200,216.79
593494016,148373504,float,4101600,217.05,4100899,217.08
594542592,148635648,float,4102899,217.36,4110100,216.98
595591168,148897792,float,4113899,217.16,4118000,216.95
596639744,149159936,float,4118399,217.31,4120899,217.17
597688320,149422080,float,4125500,217.31,4125399,217.32
598736896,149684224,float,4128200,217.55,4137700,217.05
599785472,149946368,float,4137899,217.42,4139600,217.33
600834048,150208512,float,4143800,217.50,4145200,217.42
601882624,150470656,float,4153899,217.34,4154899,217.29
602931200,150732800,float,4154600,217.69,4156600,217.58
603979776,150994944,float,4162300,217.66,4161600,217.70
605028352,151257088,float,4225100,214.80,4224600,214.82
606076928,151519232,float,4232700,214.78,4231300,214.85
607125504,151781376,float,4233300,215.13,4236600,214.96
608174080,152043520,float,4240800,215.12,4246800,214.81
609222656,152305664,float,4245300,215.26,4251600,214.94
610271232,152567808,float,4254000,215.19,4255500,215.11
611319808,152829952,float,4255800,215.47,4257500,215.38
612368384,153092096,float,4258200,215.71,4257600,215.74
613416960,153354240,float,4261200,215.93,4263600,215.81
614465536,153616384,float,4268800,215.91,4274700,215.61
615514112,153878528,float,4274800,215.98,4276400,215.90
616562688,154140672,float,4276900,216.24,4277500,216.21
617611264,154402816,float,4295200,215.69,4300600,215.41
618659840,154664960,float,4302900,215.67,4302200,215.70
619708416,154927104,float,4306300,215.86,4307500,215.80
620756992,155189248,float,4310700,216.01,4319400,215.57
621805568,155451392,float,4319000,215.95,4315200,216.15
622854144,155713536,float,4320300,216.25,4324000,216.07
623902720,155975680,float,4332500,216.01,4334100,215.93
624951296,156237824,float,4332800,216.36,4333200,216.34
625999872,156499968,float,4332200,216.75,4340100,216.36
627048448,156762112,float,4355100,215.97,4351600,216.14
628097024,157024256,float,4349400,216.62,4349600,216.60
629145600,157286400,float,4356100,216.64,4353600,216.77
630194176,157548544,float,4368600,216.38,4373000,216.17
631242752,157810688,float,4374200,216.47,4373900,216.48
632291328,158072832,float,4377300,216.67,4379300,216.57
633339904,158334976,float,4389300,216.44,4387700,216.52
634388480,158597120,float,4389700,216.77,4390900,216.72
635437056,158859264,float,4396800,216.78,4394500,216.90
636485632,159121408,float,4401300,216.92,4403000,216.84
637534208,159383552,float,4403200,217.18,4407400,216.97
638582784,159645696,float,4412400,217.09,4411600,217.13
639631360,159907840,float,4428200,216.67,4426000,216.78
640679936,160169984,float,4421500,217.35,4423900,217.23
641728512,160432128,float,4427900,217.39,4429800,217.30
642777088,160694272,float,4447500,216.79,4450400,216.65
643825664,160956416,float,4455000,216.78,4452300,216.91
644874240,161218560,float,4459700,216.90,4454100,217.17
645922816,161480704,float,4463900,217.05,4462700,217.11
646971392,161742848,float,4467000,217.25,4469300,217.14
648019968,162004992,float,4474500,217.24,4478500,217.04
649068544,162267136,float,4478400,217.40,4485200,217.07
650117120,162529280,float,4486900,217.34,4485800,217.39
651165696,162791424,float,4486200,217.72,4490300,217.53
652214272,163053568,float,4501200,217.35,4505700,217.13
653262848,163315712,float,4501600,217.67,4497300,217.88
654311424,163577856,float,4507900,217.72,4509000,217.67
655360000,163840000,float,4526100,217.19,4529000,217.06
656408576,164102144,float,4532600,217.23,4533500,217.18
657457152,164364288,float,4539200,217.26,4537700,217.33
658505728,164626432,float,4540900,217.52,4547300,217.22
659554304,164888576,float,4548000,217.53,4548700,217.50
660602880,165150720,float,4551600,217.71,4557600,217.42
661651456,165412864,float,4557300,217.78,4556700,217.81
662700032,165675008,float,4557600,218.11,4562600,217.87
663748608,165937152,float,4569200,217.90,4568600,217.93
664797184,166199296,float,4581800,217.64,4580900,217.68
665845760,166461440,float,4578100,218.16,4579200,218.11
666894336,166723584,float,4588800,218.00,4585300,218.16
667942912,166985728,float,4606900,217.48,4613000,217.20
668991488,167247872,float,4609900,217.68,4610800,217.64
670040064,167510016,float,4620500,217.52,4620000,217.54
671088640,167772160,float,4624100,217.69,4622000,217.79
672137216,168034304,float,4630400,217.73,4625300,217.98
673185792,168296448,float,4636000,217.81,4630800,218.06
674234368,168558592,float,4643100,217.82,4640500,217.94
675282944,168820736,float,4642500,218.19,4645300,218.06
676331520,169082880,float,4646800,218.32,4648100,218.26
677380096,169345024,float,4665700,217.77,4663200,217.89
678428672,169607168,float,4658700,218.44,4664700,218.16
679477248,169869312,float,4668800,218.30,4669000,218.29
680525824,170131456,float,4689000,217.70,4686300,217.83
681574400,170393600,float,4689800,218.00,4688800,218.04
682622976,170655744,float,4696000,218.04,4698200,217.94
683671552,170917888,float,4701500,218.12,4707800,217.83
684720128,171180032,float,4713600,217.90,4708800,218.12
685768704,171442176,float,4717400,218.06,4715700,218.14
686817280,171704320,float,4720000,218.27,4719400,218.30
687865856,171966464,float,4725200,218.36,4723600,218.43
688914432,172228608,float,4729000,218.52,4736800,218.16
689963008,172490752,float,4743900,218.16,4746000,218.07
691011584,172752896,float,4743300,218.52,4745700,218.41
692060160,173015040,float,4748800,218.60,4751600,218.47
693108736,173277184,float,4767000,218.10,4769800,217.97
694157312,173539328,float,4769400,218.31,4772300,218.18
695205888,173801472,float,4779600,218.18,4777700,218.27
696254464,174063616,float,4788000,218.12,4788700,218.09
697303040,174325760,float,4785700,218.56,4783100,218.68
698351616,174587904,float,4798600,218.30,4794600,218.48
699400192,174850048,float,4799000,218.61,4802200,218.46
700448768,175112192,float,4802100,218.80,4804000,218.71
701497344,175374336,float,4811400,218.70,4816100,218.49
702545920,175636480,float,4822700,218.51,4823400,218.48
703594496,175898624,float,4822100,218.86,4824600,218.75
704643072,176160768,float,4830800,218.80,4829400,218.86
705691648,176422912,float,4850200,218.24,4848200,218.34
706740224,176685056,float,4847700,218.68,4849800,218.59
707788800,176947200,float,4860300,218.44,4863800,218.28
708837376,177209344,float,4866900,218.47,4862400,218.67
709885952,177471488,float,4870000,218.65,4868500,218.72
710934528,177733632,float,4876700,218.67,4873800,218.80
711983104,177995776,float,4877700,218.95,4887800,218.50
713031680,178257920,float,4886200,218.89,4886200,218.89
714080256,178520064,float,4888900,219.09,4895000,218.82
715128832,178782208,float,4901700,218.84,4906300,218.64
716177408,179044352,float,4910600,218.77,4902900,219.11
717225984,179306496,float,4908800,219.17,4913500,218.95
718274560,179568640,float,4931400,218.48,4930200,218.53
719323136,179830784,float,4938900,218.47,4936900,218.55
720371712,180092928,float,4942100,218.64,4943500,218.58
721420288,180355072,float,4945000,218.83,4944400,218.86
722468864,180617216,float,4948000,219.02,4950000,218.93
723517440,180879360,float,4956300,218.97,4955800,218.99
724566016,181141504,float,4964800,218.91,4967600,218.79
725614592,181403648,float,4963600,219.28,4976200,218.73
726663168,181665792,float,4972100,219.22,4972200,219.22
727711744,181927936,float,4991300,218.69,4993500,218.60
728760320,182190080,float,4985400,219.27,4985400,219.27
729808896,182452224,float,4993800,219.22,4995900,219.12
730857472,182714368,float,5011700,218.74,5012300,218.72
731906048,182976512,float,5011400,219.07,5019100,218.73
732954624,183238656,float,5017500,219.12,5021800,218.93
734003200,183500800,float,5024300,219.13,5033700,218.73
735051776,183762944,float,5028300,219.27,5038400,218.83
736100352,184025088,float,5038900,219.13,5037600,219.18
737148928,184287232,float,5049800,218.97,5045200,219.16
738197504,184549376,float,5050300,219.25,5052700,219.15
739246080,184811520,float,5057000,219.27,5063800,218.98
740294656,185073664,float,5069500,219.05,5066600,219.17
741343232,185335808,float,5069000,219.38,5068500,219.40
742391808,185597952,float,5074000,219.47,5080800,219.18
743440384,185860096,float,5094400,218.90,5098300,218.73
744488960,186122240,float,5094800,219.19,5101500,218.90
745537536,186384384,float,5103300,219.14,5107900,218.94
746586112,186646528,float,5105500,219.35,5113800,218.99
747634688,186908672,float,5110400,219.44,5111400,219.40
748683264,187170816,float,5128100,218.99,5118300,219.41
749731840,187432960,float,5129600,219.24,5124500,219.46
750780416,187695104,float,5133200,219.39,5132900,219.40
751828992,187957248,float,5137300,219.52,5142300,219.31
752877568,188219392,float,5151200,219.23,5155700,219.04
753926144,188481536,float,5153600,219.44,5151600,219.52
754974720,188743680,float,5154700,219.69,5163400,219.32
756023296,189005824,float,5173800,219.19,5179700,218.94
757071872,189267968,float,5180800,219.20,5179200,219.26
758120448,189530112,float,5179200,219.57,5182300,219.44
759169024,189792256,float,5195400,219.18,5196400,219.14
760217600,190054400,float,5196900,219.43,5196900,219.43
761266176,190316544,float,5201900,219.51,5210400,219.16
762314752,190578688,float,5212000,219.39,5215600,219.24
763363328,190840832,float,5215000,219.57,5222500,219.25
764411904,191102976,float,5224700,219.46,5222000,219.57
765460480,191365120,float,5232100,219.45,5237600,219.22
766509056,191627264,float,5242500,219.32,5234600,219.65
767557632,191889408,float,5244700,219.53,5242000,219.63
768606208,192151552,float,5261500,219.12,5262800,219.07
769654784,192413696,float,5259300,219.51,5260700,219.45
770703360,192675840,float,5264100,219.61,5264800,219.58
771751936,192937984,float,5276800,219.38,5274200,219.49
772800512,193200128,float,5277800,219.64,5288800,219.18
773849088,193462272,float,5291200,219.38,5288200,219.50
774897664,193724416,float,5293100,219.59,5295300,219.50
775946240,193986560,float,5299600,219.62,5297200,219.72
776994816,194248704,float,5307700,219.58,5306500,219.63
778043392,194510848,float,5311600,219.72,5319600,219.39
779091968,194772992,float,5317400,219.78,5319500,219.69
780140544,195035136,float,5325800,219.72,5332500,219.45
781189120,195297280,float,5345400,219.21,5345800,219.20
782237696,195559424,float,5344700,219.54,5345400,219.51
783286272,195821568,float,5350600,219.59,5351300,219.56
784334848,196083712,float,5360100,219.49,5369700,219.10
785383424,196345856,float,5363300,219.66,5369700,219.39
786432000,196608000,float,5365400,219.86,5370800,219.64
787480576,196870144,float,5375300,219.75,5381000,219.52
788529152,197132288,float,5382400,219.75,5380700,219.82
789577728,197394432,float,5388600,219.79,5394500,219.55
790626304,197656576,float,5400000,219.62,5401000,219.58
791674880,197918720,float,5401500,219.85,5401600,219.84
792723456,198180864,float,5407700,219.89,5411600,219.73
793772032,198443008,float,5427300,219.38,5429400,219.30
794820608,198705152,float,5425400,219.75,5431500,219.50
795869184,198967296,float,5434400,219.68,5440200,219.44
796917760,199229440,float,5439900,219.74,5444500,219.56
797966336,199491584,float,5449500,219.64,5444000,219.87
799014912,199753728,float,5455800,219.68,5456100,219.66
800063488,200015872,float,5464600,219.61,5463400,219.66
801112064,200278016,float,5464700,219.90,5465600,219.86
802160640,200540160,float,5474000,219.81,5474600,219.79
803209216,200802304,float,5485200,219.65,5485400,219.64
804257792,201064448,float,5489300,219.77,5497100,219.46
805306368,201326592,float,5493500,219.89,5492400,219.93
806354944,201588736,float,5553600,217.79,5561900,217.47
807403520,201850880,float,5563800,217.67,5567700,217.52
808452096,202113024,float,5563900,217.96,5569200,217.75
809500672,202375168,float,5571200,217.95,5574000,217.84
810549248,202637312,float,5578400,217.95,5583700,217.75
811597824,202899456,float,5582800,218.06,5585400,217.96
812646400,203161600,float,5584500,218.28,5591900,217.99
813694976,203423744,float,5593400,218.21,5591100,218.30
814743552,203685888,float,5597100,218.35,5593600,218.49
815792128,203948032,float,5610300,218.12,5609700,218.14
816840704,204210176,float,5608500,218.47,5605600,218.58
817889280,204472320,float,5611700,218.62,5613400,218.56
818937856,204734464,float,5625900,218.35,5631900,218.11
819986432,204996608,float,5635400,218.26,5634600,218.29
821035008,205258752,float,5635000,218.55,5641600,218.30
822083584,205520896,float,5642700,218.53,5644800,218.45
823132160,205783040,float,5650900,218.50,5652000,218.45
824180736,206045184,float,5655900,218.58,5657100,218.54
825229312,206307328,float,5657000,218.82,5659600,218.72
826277888,206569472,float,5661000,218.94,5671100,218.55
827326464,206831616,float,5667300,218.97,5663300,219.13
828375040,207093760,float,5678500,218.82,5680900,218.73
829423616,207355904,float,5680100,219.03,5681400,218.98
830472192,207618048,float,5680800,219.28,5684300,219.15
831520768,207880192,float,5702900,218.71,5699000,218.86
832569344,208142336,float,5708600,218.77,5701800,219.03
833617920,208404480,float,5708600,219.04,5715600,218.77
834666496,208666624,float,5716200,219.03,5721600,218.82
835715072,208928768,float,5726300,218.92,5722100,219.07
836763648,209190912,float,5722600,219.33,5726000,219.20
837812224,209453056,float,5729600,219.34,5727900,219.40
838860800,209715200,float,5739100,219.25,5740900,219.18
839909376,209977344,float,5740700,219.46,5740000,219.49
840957952,210239488,float,5755700,219.16,5760400,218.98
842006528,210501632,float,5751600,219.59,5752400,219.56
843055104,210763776,float,5755500,219.72,5759700,219.56
844103680,211025920,float,5772700,219.33,5782100,218.98
845152256,211288064,float,5784900,219.14,5779400,219.35
846200832,211550208,float,5786300,219.36,5786600,219.35
847249408,211812352,float,5789900,219.50,5797900,219.20
848297984,212074496,float,5800900,219.36,5799500,219.41
849346560,212336640,float,5799500,219.68,5807000,219.39
850395136,212598784,float,5809400,219.57,5812800,219.45
851443712,212860928,float,5804000,220.05,5811500,219.77
852492288,213123072,float,5819600,219.73,5817700,219.80
853540864,213385216,float,5833600,219.47,5829400,219.63
854589440,213647360,float,5832100,219.80,5822000,220.18
855638016,213909504,float,5837800,219.85,5832900,220.04
856686592,214171648,float,5856800,219.41,5857100,219.40
857735168,214433792,float,5862800,219.45,5865300,219.36
858783744,214695936,float,5866200,219.59,5864800,219.65
859832320,214958080,float,5869800,219.73,5867500,219.81
860880896,215220224,float,5875100,219.79,5874500,219.82
861929472,215482368,float,5873800,220.11,5875900,220.03
862978048,215744512,float,5886700,219.90,5888100,219.84
864026624,216006656,float,5894300,219.88,5889600,220.06
865075200,216268800,float,5898800,219.98,5900100,219.93
866123776,216530944,float,5910400,219.81,5909000,219.87
867172352,216793088,float,5908900,220.14,5912600,220.00
868220928,217055232,float,5913500,220.23,5917500,220.08
869269504,217317376,float,5934300,219.72,5934500,219.72
870318080,217579520,float,5939300,219.80,5938700,219.82
871366656,217841664,float,5944000,219.90,5948100,219.74
872415232,218103808,float,5948900,219.98,5949700,219.95
873463808,218365952,float,5955900,219.98,5948500,220.26
874512384,218628096,float,5958300,220.16,5966300,219.86
875560960,218890240,float,5961300,220.31,5963700,220.22
876609536,219152384,float,5961400,220.57,5966600,220.38
877658112,219414528,float,5978100,220.22,5980500,220.13
878706688,219676672,float,5990800,220.02,5988100,220.11
879755264,219938816,float,5985000,220.49,5996500,220.07
880803840,220200960,float,5989000,220.60,5999200,220.23
881852416,220463104,float,6010800,220.07,6017800,219.81
882900992,220725248,float,6013900,220.22,6017800,220.07
883949568,220987392,float,6022500,220.16,6016200,220.39
884998144,221249536,float,6028800,220.19,6036200,219.92
886046720,221511680,float,6028700,220.46,6033600,220.28
887095296,221773824,float,6036500,220.43,6040400,220.29
888143872,222035968,float,6039700,220.58,6046800,220.32
889192448,222298112,float,6052300,220.38,6049500,220.48
890241024,222560256,float,6049100,220.75,6055600,220.52
891289600,222822400,float,6064300,220.46,6075100,220.07
892338176,223084544,float,6066900,220.62,6071700,220.45
893386752,223346688,float,6075900,220.56,6074500,220.61
894435328,223608832,float,6089200,220.33,6090600,220.28
895483904,223870976,float,6096000,220.35,6099800,220.21
896532480,224133120,float,6104300,220.30,6111700,220.04
897581056,224395264,float,6107800,220.43,6107500,220.45
898629632,224657408,float,6110500,220.59,6115700,220.41
899678208,224919552,float,6115800,220.66,6124900,220.33
900726784,225181696,float,6121600,220.71,6125200,220.58
901775360,225443840,float,6124900,220.85,6128000,220.73
902823936,225705984,float,6134600,220.75,6137100,220.66
903872512,225968128,float,6149600,220.47,6149500,220.47
904921088,226230272,float,6147200,220.81,6148300,220.77
905969664,226492416,float,6152200,220.89,6157500,220.70
907018240,226754560,float,6169300,220.53,6177800,220.23
908066816,227016704,float,6174300,220.61,6176000,220.55
909115392,227278848,float,6181000,220.62,6178500,220.71
910163968,227540992,float,6182900,220.81,6195000,220.38
911212544,227803136,float,6196200,220.59,6195800,220.60
912261120,228065280,float,6207300,220.45,6200900,220.68
913309696,228327424,float,6203200,220.85,6205000,220.78
914358272,228589568,float,6209500,220.88,6208700,220.90
915406848,228851712,float,6216900,220.87,6219600,220.77
916455424,229113856,float,6228800,220.70,6225800,220.80
917504000,229376000,float,6223900,221.13,6225000,221.09
918552576,229638144,float,6232700,221.07,6236700,220.92
919601152,229900288,float,6252000,220.63,6253700,220.57
920649728,230162432,float,6255600,220.76,6258600,220.65
921698304,230424576,float,6256900,220.96,6260400,220.84
922746880,230686720,float,6269100,220.79,6268600,220.80
923795456,230948864,float,6267400,221.09,6278300,220.71
924844032,231211008,float,6274700,221.09,6281800,220.84
925892608,231473152,float,6285300,220.97,6286200,220.93
926941184,231735296,float,6295500,220.86,6289500,221.07
927989760,231997440,float,6294700,221.14,6299300,220.97
929038336,232259584,float,6301500,221.15,6307200,220.95
930086912,232521728,float,6305700,221.25,6308600,221.15
931135488,232783872,float,6318600,221.05,6316400,221.12
932184064,233046016,float,6334600,220.74,6334600,220.74
933232640,233308160,float,6338000,220.87,6337200,220.90
934281216,233570304,float,6339300,221.07,6347300,220.79
935329792,233832448,float,6345900,221.09,6349000,220.98
936378368,234094592,float,6356900,220.95,6350200,221.19
937426944,234356736,float,6362600,221.00,6359700,221.10
938475520,234618880,float,6368000,221.06,6368400,221.05
939524096,234881024,float,6371200,221.20,6378600,220.94
940572672,235143168,float,6377300,221.23,6378000,221.21
941621248,235405312,float,6396500,220.81,6384500,221.23
942669824,235667456,float,6385600,221.44,6394300,221.14
943718400,235929600,float,6401600,221.13,6400600,221.16
944766976,236191744,float,6416000,220.88,6414800,220.92
945815552,236453888,float,6417400,221.08,6419600,221.00
946864128,236716032,float,6428600,220.93,6422800,221.13
947912704,236978176,float,6435800,220.93,6433700,221.00
948961280,237240320,float,6435000,221.20,6436900,221.14
950009856,237502464,float,6441600,221.22,6444200,221.13
951058432,237764608,float,6451300,221.13,6445800,221.32
952107008,238026752,float,6459200,221.10,6456000,221.21
953155584,238288896,float,6458500,221.37,6462000,221.25
954204160,238551040,float,6467000,221.33,6473100,221.11
955252736,238813184,float,6478600,221.17,6476800,221.23
956301312,239075328,float,6476200,221.50,6484300,221.22
957349888,239337472,float,6498700,220.97,6501000,220.89
958398464,239599616,float,6502900,221.07,6498900,221.21
959447040,239861760,float,6501500,221.36,6515800,220.87
960495616,240123904,float,6514000,221.18,6519100,221.00
961544192,240386048,float,6513700,221.43,6518200,221.27
962592768,240648192,float,6519500,221.47,6521100,221.42
963641344,240910336,float,6533400,221.24,6534600,221.20
964689920,241172480,float,6533800,221.47,6537900,221.33
965738496,241434624,float,6539800,221.51,6540300,221.49
966787072,241696768,float,6551800,221.34,6555200,221.22
967835648,241958912,float,6557300,221.39,6556700,221.41
968884224,242221056,float,6558700,221.59,6564400,221.40
969932800,242483200,float,6576600,221.22,6576200,221.24
970981376,242745344,float,6584800,221.19,6575800,221.49
972029952,243007488,float,6589300,221.28,6590400,221.24
973078528,243269632,float,6588200,221.55,6591300,221.45
974127104,243531776,float,6600100,221.39,6607000,221.16
975175680,243793920,float,6611500,221.25,6613200,221.19
976224256,244056064,float,6616900,221.30,6616900,221.30
977272832,244318208,float,6618700,221.48,6619400,221.46
978321408,244580352,float,6628300,221.40,6634100,221.20
979369984,244842496,float,6633200,221.47,6639800,221.25
980418560,245104640,float,6638000,221.55,6643000,221.38
981467136,245366784,float,6646000,221.52,6648000,221.45
982515712,245628928,float,6654200,221.48,6661800,221.23
983564288,245891072,float,6663300,221.41,6663900,221.40
984612864,246153216,float,6668600,221.47,6667800,221.50
985661440,246415360,float,6678000,221.40,6682900,221.24
986710016,246677504,float,6681800,221.51,6685100,221.40
987758592,246939648,float,6683700,221.68,6689600,221.48
988807168,247201792,float,6700200,221.37,6698100,221.44
989855744,247463936,float,6701400,221.56,6701900,221.55
990904320,247726080,float,6707800,221.58,6706600,221.62
991952896,247988224,float,6715600,221.56,6720200,221.41
993001472,248250368,float,6724100,221.52,6722900,221.56
994050048,248512512,float,6729700,221.57,6731500,221.51
995098624,248774656,float,6735500,221.61,6745600,221.28
996147200,249036800,float,6742800,221.60,6748200,221.43
997195776,249298944,float,6755300,221.42,6752600,221.51
998244352,249561088,float,6754400,221.69,6758000,221.57
999292928,249823232,float,6763600,221.62,6771700,221.35
1000341504,250085376,float,6773800,221.52,6773900,221.51
1001390080,250347520,float,6776900,221.65,6779700,221.56
1002438656,250609664,float,6780600,221.76,6784900,221.62
1003487232,250871808,float,6793600,221.57,6796800,221.46
1004535808,251133952,float,6795300,221.74,6797000,221.69
1005584384,251396096,float,6804200,221.68,6805900,221.63
1006632960,251658240,float,6810600,221.70,6814700,221.57
1007681536,251920384,float,6870000,220.02,6878500,219.75
1008730112,252182528,float,6878600,219.97,6890300,219.60
1009778688,252444672,float,6887200,219.92,6888700,219.88
1010827264,252706816,float,6892400,219.99,6897600,219.82
1011875840,252968960,float,6901300,219.93,6898700,220.01
1012924416,253231104,float,6901300,220.16,6904600,220.06
1013972992,253493248,float,6909700,220.12,6912500,220.03
1015021568,253755392,float,6916300,220.14,6909100,220.37
1016070144,254017536,float,6912300,220.49,6917800,220.32
1017118720,254279680,float,6924600,220.33,6926200,220.28
1018167296,254541824,float,6926900,220.48,6930100,220.38
1019215872,254803968,float,6932800,220.52,6937200,220.38
1020264448,255066112,float,6947500,220.28,6950300,220.19
1021313024,255328256,float,6962200,220.04,6964100,219.98
1022361600,255590400,float,6960000,220.34,6970800,220.00
1023410176,255852544,float,6969500,220.26,6965300,220.40
1024458752,256114688,float,6966400,220.59,6976700,220.26
1025507328,256376832,float,6975700,220.52,6977500,220.46
1026555904,256638976,float,6980000,220.61,6983600,220.49
1027604480,256901120,float,6984600,220.69,6989400,220.53
1028653056,257163264,float,6993500,220.63,6991000,220.71
1029701632,257425408,float,6999900,220.65,7001900,220.59
1030750208,257687552,float,6988500,221.24,7004000,220.75
1031798784,257949696,float,7008000,220.85,6996600,221.21
1032847360,258211840,float,7028500,220.43,7024700,220.54
1033895936,258473984,float,7022500,220.84,7028100,220.66
1034944512,258736128,float,7035200,220.66,7029900,220.83
1035993088,258998272,float,7039500,220.75,7039000,220.77
1037041664,259260416,float,7044000,220.83,7034700,221.13
1038090240,259522560,float,7040700,221.16,7041700,221.13
1039138816,259784704,float,7047200,221.18,7054600,220.95
1040187392,260046848,float,7051900,221.26,7054100,221.19
1041235968,260308992,float,7060200,221.22,7062500,221.15
1042284544,260571136,float,7069700,221.15,7080800,220.80
1043333120,260833280,float,7074100,221.23,7070200,221.35
1044381696,261095424,float,7078800,221.31,7073400,221.47
1045430272,261357568,float,7098300,220.92,7096800,220.96
1046478848,261619712,float,7104400,220.95,7101600,221.04
1047527424,261881856,float,7099800,221.32,7113600,220.88
1048576000,262144000,float,7115600,221.05,7112900,221.13
1049624576,262406144,float,7109100,221.47,7116700,221.23
1050673152,262668288,float,7121400,221.30,7122400,221.28
1051721728,262930432,float,7128000,221.32,7124400,221.43
1052770304,263192576,float,7131700,221.43,7135200,221.32
1053818880,263454720,float,7136200,221.51,7141500,221.34
1054867456,263716864,float,7150500,221.29,7148200,221.36
1055916032,263979008,float,7151600,221.47,7147400,221.60
1056964608,264241152,float,7147400,221.82,7151800,221.69
1058013184,264503296,float,7171200,221.30,7171400,221.30
1059061760,264765440,float,7171400,221.52,7183700,221.14
1060110336,265027584,float,7189000,221.19,7185900,221.29
1061158912,265289728,float,7188500,221.43,7185200,221.53
1062207488,265551872,float,7201900,221.24,7193200,221.50
1063256064,265814016,float,7197800,221.58,7196200,221.63
1064304640,266076160,float,7210800,221.40,7210600,221.40
1065353216,266338304,float,7207800,221.71,7216500,221.44
1066401792,266600448,float,7217900,221.62,7216000,221.67
1067450368,266862592,float,7230800,221.44,7220300,221.76
1068498944,267124736,float,7229400,221.70,7230900,221.65
1069547520,267386880,float,7230900,221.87,7232100,221.83
1070596096,267649024,float,7243700,221.70,7252000,221.44
1071644672,267911168,float,7252100,221.65,7253900,221.60
1072693248,268173312,float,7263600,221.52,7257500,221.71
1073741824,268435456,float,7259400,221.86,7275500,221.37
