size(B),count,type,time(ns),busbw(GB/s),time(ns),busbw(GB/s)
1048576,262144,float,62770,26.73,62150,27.00
2097152,524288,float,61180,54.85,62990,53.27
3145728,786432,float,67990,74.03,67270,74.82
4194304,1048576,float,78620,85.36,77230,86.89
5242880,1310720,float,89310,93.92,88170,95.14
6291456,1572864,float,102600,98.11,100100,100.57
7340032,1835008,float,110800,105.97,106900,109.85
8388608,2097152,float,123800,108.42,120200,111.64
9437184,2359296,float,144500,104.53,141300,106.86
10485760,2621440,float,149900,111.90,146800,114.28
11534336,2883584,float,147300,125.32,147800,124.89
12582912,3145728,float,154300,130.48,152000,132.48
13631488,3407872,float,159300,136.88,155700,140.07
14680064,3670016,float,166500,141.05,161800,145.21
15728640,3932160,float,171900,146.41,170800,147.31
16777216,4194304,float,198800,135.01,196200,136.82
17825792,4456448,float,205800,138.60,203000,140.50
18874368,4718592,float,212500,142.15,209000,144.50
19922944,4980736,float,218800,145.70,217500,146.55
20971520,5242880,float,227100,147.76,225500,148.82
22020096,5505024,float,232500,151.57,230500,152.87
23068672,5767168,float,235600,156.68,234000,157.77
24117248,6029312,float,240000,160.79,238700,161.63
25165824,6291456,float,244200,164.92,243500,165.38
26214400,6553600,float,246700,169.99,248700,168.62
27262976,6815744,float,253200,172.27,251100,173.71
28311552,7077888,float,255900,176.99,256200,176.81
29360128,7340032,float,259899,180.71,259100,181.32
30408704,7602176,float,266900,182.29,265700,183.08
31457280,7864320,float,274700,183.24,271400,185.46
32505856,8126464,float,317200,163.99,317200,163.96
33554432,8388608,float,322200,166.62,322900,166.29
34603008,8650752,float,326700,169.45,326800,169.43
35651584,8912896,float,332600,171.49,330800,172.46
36700160,9175040,float,338100,173.68,336200,174.65
37748736,9437184,float,340600,177.31,341500,176.86
38797312,9699328,float,346400,179.19,344900,179.96
39845888,9961472,float,348400,182.98,348200,183.12
40894464,10223616,float,351600,186.11,351800,186.01
41943040,10485760,float,357100,187.95,355700,188.69
42991616,10747904,float,363100,189.42,361200,190.46
44040192,11010048,float,367000,191.98,366400,192.31
45088768,11272192,float,373400,193.20,372200,193.82
46137344,11534336,float,381500,193.48,379900,194.30
47185920,11796480,float,387800,194.69,385300,195.94
48234496,12058624,float,430000,179.46,428000,180.33
49283072,12320768,float,436300,180.72,433900,181.75
50331648,12582912,float,442700,181.92,439900,183.08
51380224,12845056,float,448800,183.15,445900,184.35
52428800,13107200,float,453200,185.08,448500,187.03
53477376,13369344,float,456100,187.61,453000,188.89
54525952,13631488,float,463000,188.41,459900,189.71
55574528,13893632,float,464100,191.58,461100,192.85
56623104,14155776,float,469700,192.86,466000,194.41
57671680,14417920,float,474200,194.59,472600,195.25
58720256,14680064,float,477200,196.89,476200,197.29
59768832,14942208,float,484000,197.60,481500,198.62
60817408,15204352,float,490000,198.57,489300,198.89
61865984,15466496,float,497000,199.18,496000,199.56
62914560,15728640,float,502500,200.31,500200,201.23
63963136,15990784,float,552100,185.35,548800,186.49
65011712,16252928,float,556700,186.86,556300,187.00
66060288,16515072,float,564500,187.25,560900,188.44
67108864,16777216,float,568300,188.95,566300,189.61
68157440,17039360,float,572800,190.39,569700,191.43
69206016,17301504,float,578300,191.48,575500,192.40
70254592,17563648,float,587300,191.38,581500,193.30
71303168,17825792,float,584600,195.16,582200,195.97
72351744,18087936,float,590100,196.18,586500,197.37
73400320,18350080,float,594600,197.52,591600,198.50
74448896,18612224,float,598100,199.16,596500,199.69
75497472,18874368,float,603600,200.13,602600,200.45
76546048,19136512,float,607800,201.50,606700,201.87
77594624,19398656,float,616400,201.40,612100,202.81
78643200,19660800,float,619700,203.03,618800,203.33
79691776,19922944,float,676400,188.50,674000,189.19
80740352,20185088,float,682300,189.34,680700,189.79
81788928,20447232,float,689400,189.81,686100,190.75
82837504,20709376,float,695200,190.65,693200,191.20
83886080,20971520,float,698200,192.24,695700,192.94
84934656,21233664,float,703600,193.13,701500,193.72
85983232,21495808,float,715200,192.37,710400,193.65
87031808,21757952,float,710700,195.93,708100,196.65
88080384,22020096,float,714800,197.15,712900,197.70
89128960,22282240,float,716400,199.05,714700,199.54
90177536,22544384,float,720800,200.17,717600,201.08
91226112,22806528,float,723700,201.68,720800,202.51
92274688,23068672,float,727500,202.95,726700,203.18
93323264,23330816,float,734200,203.38,733400,203.61
94371840,23592960,float,738100,204.56,738000,204.59
95420416,23855104,float,799200,191.04,796500,191.68
96468992,24117248,float,803100,192.19,803900,192.00
97517568,24379392,float,809800,192.68,807900,193.13
98566144,24641536,float,816300,193.19,813800,193.78
99614720,24903680,float,819200,194.55,820400,194.28
100663296,25165824,float,828300,194.44,825200,195.18
101711872,25427968,float,835000,194.89,831900,195.63
102760448,25690112,float,831600,197.72,828300,198.49
103809024,25952256,float,832000,199.62,832700,199.45
104857600,26214400,float,838400,200.11,837000,200.43
105906176,26476544,float,839700,201.81,840200,201.67
106954752,26738688,float,840000,203.73,840900,203.51
108003328,27000832,float,846300,204.19,845000,204.51
109051904,27262976,float,852800,204.59,849000,205.50
110100480,27525120,float,853500,206.41,852500,206.65
111149056,27787264,float,918200,193.68,918500,193.63
112197632,28049408,float,923800,194.31,923600,194.36
113246208,28311552,float,932100,194.40,930000,194.83
114294784,28573696,float,936500,195.27,934600,195.67
115343360,28835840,float,942300,195.86,941400,196.03
116391936,29097984,float,947600,196.53,946800,196.70
117440512,29360128,float,953600,197.05,953100,197.15
118489088,29622272,float,948800,199.82,948200,199.94
119537664,29884416,float,953800,200.53,951100,201.08
120586240,30146560,float,952700,202.51,954300,202.18
121634816,30408704,float,956000,203.58,958400,203.07
122683392,30670848,float,956700,205.18,957600,204.99
123731968,30932992,float,961600,205.87,960500,206.10
124780544,31195136,float,967900,206.27,971000,205.61
125829120,31457280,float,971500,207.24,969900,207.58
126877696,31719424,float,1036300,195.90,1033300,196.46
127926272,31981568,float,1043000,196.24,1041200,196.58
128974848,32243712,float,1045400,197.39,1045000,197.47
130023424,32505856,float,1050300,198.08,1051700,197.82
131072000,32768000,float,1059800,197.87,1058000,198.23
132120576,33030144,float,1063800,198.71,1065100,198.47
133169152,33292288,float,1071900,198.78,1071000,198.95
134217728,33554432,float,1066700,201.33,1063600,201.90
135266304,33816576,float,1066300,202.96,1066100,203.01
136314880,34078720,float,1068800,204.06,1071200,203.61
137363456,34340864,float,1069900,205.43,1069400,205.53
138412032,34603008,float,1075500,205.91,1074200,206.17
139460608,34865152,float,1077500,207.09,1081400,206.34
140509184,35127296,float,1083700,207.45,1085100,207.19
141557760,35389440,float,1086600,208.44,1086100,208.53
142606336,35651584,float,1150800,198.26,1150400,198.34
143654912,35913728,float,1156600,198.73,1156700,198.71
144703488,36175872,float,1159700,199.64,1162100,199.24
145752064,36438016,float,1167900,199.67,1167000,199.84
146800640,36700160,float,1172900,200.26,1175300,199.85
147849216,36962304,float,1179800,200.51,1181300,200.25
148897792,37224448,float,1188000,200.54,1188100,200.52
149946368,37486592,float,1179500,203.41,1179000,203.50
150994944,37748736,float,1182400,204.32,1184500,203.96
152043520,38010880,float,1183300,205.58,1184400,205.39
153092096,38273024,float,1188000,206.19,1187000,206.37
154140672,38535168,float,1187400,207.70,1188200,207.56
155189248,38797312,float,1196400,207.54,1196100,207.59
156237824,39059456,float,1200300,208.27,1195700,209.07
157286400,39321600,float,1201500,209.46,1200900,209.56
158334976,39583744,float,1258500,201.30,1261100,200.88
159383552,39845888,float,1268300,201.07,1266700,201.32
160432128,40108032,float,1274700,201.38,1274900,201.34
161480704,40370176,float,1281400,201.62,1283000,201.38
162529280,40632320,float,1291000,201.43,1291200,201.41
163577856,40894464,float,1295800,201.98,1291500,202.66
164626432,41156608,float,1304100,201.98,1302400,202.24
165675008,41418752,float,1292800,205.04,1291600,205.23
166723584,41680896,float,1291500,206.55,1296400,205.77
167772160,41943040,float,1300000,206.49,1295100,207.27
168820736,42205184,float,1300000,207.78,1302400,207.39
169869312,42467328,float,1304700,208.32,1300400,209.01
170917888,42729472,float,1302900,209.89,1300900,210.22
171966464,42991616,float,1310300,209.99,1311200,209.85
173015040,43253760,float,1315700,210.41,1312300,210.94
174063616,43515904,float,1372000,202.99,1371500,203.07
175112192,43778048,float,1379200,203.14,1380500,202.96
176160768,44040192,float,1390000,202.78,1386400,203.30
177209344,44302336,float,1388900,204.15,1394500,203.32
178257920,44564480,float,1402100,203.42,1402200,203.41
179306496,44826624,float,1408600,203.67,1407500,203.82
180355072,45088768,float,1417200,203.62,1417300,203.61
181403648,45350912,float,1399800,207.34,1402500,206.95
182452224,45613056,float,1404700,207.81,1410000,207.04
183500800,45875200,float,1412400,207.88,1409500,208.30
184549376,46137344,float,1414400,208.77,1415100,208.67
185597952,46399488,float,1411000,210.46,1413400,210.10
186646528,46661632,float,1422800,209.90,1414600,211.10
187695104,46923776,float,1419400,211.57,1423400,210.99
188743680,47185920,float,1430400,211.13,1421800,212.39
189792256,47448064,float,1487900,204.09,1488100,204.07
190840832,47710208,float,1494100,204.36,1494600,204.29
191889408,47972352,float,1503600,204.19,1495700,205.27
192937984,48234496,float,1512800,204.06,1509600,204.49
193986560,48496640,float,1515700,204.78,1513400,205.09
195035136,48758784,float,1521400,205.11,1521500,205.10
196083712,49020928,float,1528900,205.20,1526800,205.48
197132288,49283072,float,1510500,208.81,1511500,208.67
198180864,49545216,float,1520300,208.58,1515700,209.20
199229440,49807360,float,1527000,208.76,1528300,208.58
200278016,50069504,float,1522300,210.50,1525300,210.09
201326592,50331648,float,1529400,210.63,1525200,211.20
202375168,50593792,float,1527200,212.02,1524700,212.37
203423744,50855936,float,1533700,212.21,1539600,211.40
204472320,51118080,float,1544700,211.79,1535900,213.01
205520896,51380224,float,1598400,205.72,1597500,205.84
206569472,51642368,float,1609200,205.39,1607500,205.60
207618048,51904512,float,1613800,205.85,1616300,205.53
208666624,52166656,float,1609400,207.44,1620100,206.08
209715200,52428800,float,1630200,205.83,1630000,205.85
210763776,52690944,float,1633600,206.43,1628100,207.12
211812352,52953088,float,1643200,206.24,1640900,206.53
212860928,53215232,float,1618800,210.38,1621800,210.00
213909504,53477376,float,1637500,209.01,1634400,209.41
214958080,53739520,float,1639500,209.78,1635500,210.29
216006656,54001664,float,1633400,211.59,1630600,211.95
217055232,54263808,float,1640500,211.69,1645000,211.12
218103808,54525952,float,1644900,212.14,1643300,212.36
219152384,54788096,float,1643800,213.31,1653000,212.13
220200960,55050240,float,1654300,212.97,1650000,213.53
221249536,55312384,float,1706700,207.42,1714500,206.47
222298112,55574528,float,1720200,206.76,1717500,207.09
223346688,55836672,float,1722100,207.51,1727500,206.86
224395264,56098816,float,1734500,206.99,1733600,207.10
225443840,56360960,float,1742400,207.03,1742100,207.05
226492416,56623104,float,1749900,207.08,1746100,207.55
227540992,56885248,float,1756500,207.27,1752700,207.72
228589568,57147392,float,1744700,209.63,1735000,210.80
229638144,57409536,float,1745800,210.46,1744500,210.61
230686720,57671680,float,1748400,211.11,1749900,210.92
231735296,57933824,float,1752000,211.63,1752900,211.52
232783872,58195968,float,1749200,212.92,1750600,212.76
233832448,58458112,float,1755300,213.14,1758200,212.80
234881024,58720256,float,1759400,213.60,1761100,213.40
235929600,58982400,float,1766200,213.73,1767100,213.62
236978176,59244544,float,1826000,207.65,1824500,207.82
238026752,59506688,float,1830800,208.02,1833600,207.70
239075328,59768832,float,1838000,208.11,1838600,208.04
240123904,60030976,float,1851000,207.56,1847700,207.94
241172480,60293120,float,1855300,207.98,1855800,207.93
242221056,60555264,float,1858800,208.49,1860500,208.31
243269632,60817408,float,1867000,208.48,1863800,208.84
244318208,61079552,float,1856000,210.62,1853900,210.85
245366784,61341696,float,1855400,211.59,1855800,211.55
246415360,61603840,float,1856000,212.42,1853500,212.71
247463936,61865984,float,1859100,212.97,1863600,212.46
248512512,62128128,float,1865700,213.12,1855300,214.31
249561088,62390272,float,1872800,213.21,1867300,213.84
250609664,62652416,float,1876300,213.70,1877400,213.58
251658240,62914560,float,1879900,214.19,1882200,213.92
252706816,63176704,float,1949100,207.44,1949700,207.38
253755392,63438848,float,1951800,208.02,1953700,207.82
254803968,63700992,float,1958900,208.12,1958300,208.18
255852544,63963136,float,1969900,207.81,1968100,208.00
256901120,64225280,float,1970200,208.63,1969700,208.68
257949696,64487424,float,1970000,209.50,1971900,209.30
258998272,64749568,float,1972900,210.04,1971500,210.19
260046848,65011712,float,1978200,210.33,1979800,210.16
261095424,65273856,float,1983400,210.62,1981400,210.84
262144000,65536000,float,1983200,211.49,1985200,211.28
263192576,65798144,float,1989400,211.67,1991700,211.44
264241152,66060288,float,1994200,212.00,1994200,212.01
265289728,66322432,float,2001400,212.09,1999600,212.28
266338304,66584576,float,2007100,212.32,2003300,212.72
267386880,66846720,float,2012400,212.59,2008700,212.98
268435456,67108864,float,2037000,210.85,2036100,210.94
269484032,67371008,float,2042000,211.15,2039800,211.38
270532608,67633152,float,2048699,211.28,2046800,211.48
271581184,67895296,float,2054400,211.51,2055000,211.45
272629760,68157440,float,2060100,211.74,2058400,211.91
273678336,68419584,float,2064400,212.11,2063000,212.25
274726912,68681728,float,2070100,212.34,2069500,212.40
275775488,68943872,float,2072600,212.89,2071699,212.99
276824064,69206016,float,2079400,213.00,2077699,213.18
277872640,69468160,float,2083500,213.39,2081500,213.60
278921216,69730304,float,2088699,213.67,2088400,213.70
279969792,69992448,float,2093600,213.96,2094900,213.83
281018368,70254592,float,2102200,213.88,2102100,213.90
282066944,70516736,float,2108100,214.08,2106100,214.29
283115520,70778880,float,2117000,213.98,2112900,214.39
284164096,71041024,float,2141200,212.34,2143200,212.14
285212672,71303168,float,2148300,212.42,2149400,212.31
286261248,71565312,float,2154700,212.56,2150500,212.98
287309824,71827456,float,2159600,212.86,2155700,213.25
288358400,72089600,float,2163000,213.30,2162600,213.34
289406976,72351744,float,2168100,213.58,2164600,213.92
290455552,72613888,float,2173900,213.77,2169500,214.21
291504128,72876032,float,2176700,214.27,2174600,214.48
292552704,73138176,float,2183000,214.42,2180100,214.70
293601280,73400320,float,2189400,214.56,2187300,214.77
294649856,73662464,float,2196000,214.68,2191400,215.13
295698432,73924608,float,2201500,214.91,2196600,215.39
296747008,74186752,float,2208700,214.96,2203800,215.45
297795584,74448896,float,2212600,215.35,2212100,215.40
298844160,74711040,float,2219400,215.44,2219200,215.46
299892736,74973184,float,2249200,213.34,2245600,213.68
300941312,75235328,float,2257100,213.33,2251100,213.90
301989888,75497472,float,2261200,213.69,2258100,213.98
303038464,75759616,float,2270000,213.59,2264300,214.14
304087040,76021760,float,2272400,214.11,2269100,214.42
305135616,76283904,float,2277300,214.39,2273900,214.71
306184192,76546048,float,2286600,214.25,2280300,214.84
307232768,76808192,float,2289700,214.69,2285300,215.10
308281344,77070336,float,2291500,215.25,2291300,215.27
309329920,77332480,float,2301100,215.09,2295900,215.57
310378496,77594624,float,2305000,215.45,2299100,216.00
311427072,77856768,float,2311700,215.54,2309500,215.75
312475648,78118912,float,2319200,215.58,2314700,216.00
313524224,78381056,float,2323900,215.86,2321500,216.09
314572800,78643200,float,2329700,216.05,2329600,216.05
315621376,78905344,float,2362900,213.72,2359900,213.99
316669952,79167488,float,2365800,214.17,2362400,214.47
317718528,79429632,float,2373600,214.17,2369800,214.51
318767104,79691776,float,2379300,214.36,2375200,214.73
319815680,79953920,float,2384900,214.56,2381300,214.89
320864256,80216064,float,2389300,214.86,2387500,215.03
321912832,80478208,float,2394900,215.07,2392400,215.29
322961408,80740352,float,2398300,215.46,2397700,215.52
324009984,81002496,float,2401300,215.89,2401500,215.87
325058560,81264640,float,2409400,215.86,2408300,215.96
326107136,81526784,float,2415300,216.03,2412600,216.27
327155712,81788928,float,2423100,216.02,2418800,216.41
328204288,82051072,float,2427700,216.30,2427300,216.34
329252864,82313216,float,2433100,216.51,2433600,216.47
330301440,82575360,float,2441600,216.45,2440800,216.52
331350016,82837504,float,2472700,214.40,2475300,214.18
332398592,83099648,float,2479000,214.54,2479500,214.49
333447168,83361792,float,2484400,214.75,2483500,214.82
334495744,83623936,float,2490300,214.91,2492100,214.76
335544320,83886080,float,2496800,215.02,2496400,215.06
336592896,84148224,float,2504600,215.03,2497900,215.60
337641472,84410368,float,2510200,215.22,2504700,215.68
338690048,84672512,float,2509400,215.95,2506700,216.18
339738624,84934656,float,2513900,216.23,2511900,216.40
340787200,85196800,float,2519900,216.38,2519400,216.42
341835776,85458944,float,2525200,216.59,2525200,216.59
342884352,85721088,float,2531800,216.69,2526700,217.13
343932928,85983232,float,2537300,216.88,2536800,216.93
344981504,86245376,float,2544400,216.93,2541300,217.20
346030080,86507520,float,2546900,217.38,2547500,217.33
347078656,86769664,float,2589700,214.44,2583300,214.97
348127232,87031808,float,2594100,214.72,2587100,215.30
349175808,87293952,float,2599100,214.95,2594600,215.33
350224384,87556096,float,2604200,215.17,2600000,215.52
351272960,87818240,float,2611800,215.19,2609600,215.38
352321536,88080384,float,2616300,215.46,2611700,215.84
353370112,88342528,float,2622900,215.56,2619500,215.84
354418688,88604672,float,2617400,216.66,2617400,216.65
355467264,88866816,float,2627100,216.49,2626100,216.57
356515840,89128960,float,2630100,216.88,2626400,217.19
357564416,89391104,float,2633900,217.21,2634400,217.17
358612992,89653248,float,2641900,217.19,2639600,217.37
359661568,89915392,float,2649300,217.21,2644900,217.58
360710144,90177536,float,2655500,217.34,2652600,217.57
361758720,90439680,float,2661100,217.51,2658900,217.69
362807296,90701824,float,2702800,214.78,2694600,215.43
363855872,90963968,float,2703300,215.35,2706900,215.07
364904448,91226112,float,2710300,215.41,2712400,215.25
365953024,91488256,float,2716600,215.53,2712800,215.83
367001600,91750400,float,2723100,215.64,2725700,215.43
368050176,92012544,float,2724500,216.14,2725900,216.03
369098752,92274688,float,2732700,216.11,2731500,216.20
370147328,92536832,float,2729300,216.99,2729800,216.95
371195904,92798976,float,2737500,216.95,2735700,217.09
372244480,93061120,float,2740600,217.32,2742500,217.17
373293056,93323264,float,2746000,217.51,2743200,217.72
374341632,93585408,float,2750000,217.80,2748400,217.93
375390208,93847552,float,2755900,217.94,2756200,217.92
376438784,94109696,float,2764600,217.86,2761900,218.07
377487360,94371840,float,2767400,218.25,2771600,217.92
378535936,94633984,float,2806200,215.83,2806900,215.78
379584512,94896128,float,2817600,215.55,2813000,215.90
380633088,95158272,float,2821700,215.84,2819600,215.99
381681664,95420416,float,2824500,216.21,2824000,216.25
382730240,95682560,float,2825600,216.72,2830500,216.34
383778816,95944704,float,2837700,216.39,2835000,216.59
384827392,96206848,float,2845300,216.40,2837000,217.03
385875968,96468992,float,2839900,217.40,2837800,217.56
386924544,96731136,float,2841700,217.85,2846000,217.53
387973120,96993280,float,2850400,217.78,2850400,217.78
389021696,97255424,float,2857400,217.83,2856700,217.88
390070272,97517568,float,2864000,217.92,2864200,217.90
391118848,97779712,float,2868600,218.15,2866400,218.32
392167424,98041856,float,2876300,218.15,2874300,218.30
393216000,98304000,float,2879100,218.52,2880600,218.41
394264576,98566144,float,2914600,216.44,2915100,216.40
395313152,98828288,float,2923000,216.39,2926200,216.15
396361728,99090432,float,2931100,216.36,2930400,216.41
397410304,99352576,float,2935100,216.64,2939700,216.30
398458880,99614720,float,2939800,216.87,2939100,216.92
399507456,99876864,float,2945500,217.01,2952400,216.51
400556032,100139008,float,2955300,216.86,2951600,217.13
401604608,100401152,float,2954000,217.52,2949200,217.88
402653184,100663296,float,2951900,218.25,2954100,218.08
403701760,100925440,float,2964000,217.92,2961600,218.10
404750336,101187584,float,2966600,218.30,2965900,218.35
405798912,101449728,float,2973500,218.36,2971500,218.50
406847488,101711872,float,2983800,218.17,2981100,218.36
407896064,101974016,float,2987400,218.46,2984700,218.66
408944640,102236160,float,2991600,218.72,2996600,218.35
409993216,102498304,float,3031100,216.42,3033600,216.24
411041792,102760448,float,3029000,217.12,3025700,217.36
412090368,103022592,float,3047400,216.36,3040400,216.86
413138944,103284736,float,3044400,217.13,3041600,217.33
414187520,103546880,float,3051400,217.18,3054100,216.99
415236096,103809024,float,3061700,217.00,3058600,217.22
416284672,104071168,float,3056700,217.90,3059300,217.71
417333248,104333312,float,3062000,218.07,3060000,218.21
418381824,104595456,float,3065200,218.39,3066500,218.30
419430400,104857600,float,3069900,218.60,3074000,218.31
420478976,105119744,float,3086200,217.99,3076900,218.65
421527552,105381888,float,3084100,218.68,3083900,218.70
422576128,105644032,float,3089600,218.84,3088600,218.91
423624704,105906176,float,3100100,218.64,3097500,218.82
424673280,106168320,float,3101600,219.07,3107500,218.66
425721856,106430464,float,3137500,217.10,3129600,217.65
426770432,106692608,float,3139700,217.49,3141600,217.35
427819008,106954752,float,3145700,217.60,3155900,216.90
428867584,107216896,float,3159600,217.18,3158300,217.26
429916160,107479040,float,3158200,217.80,3160800,217.62
430964736,107741184,float,3163400,217.98,3166300,217.78
432013312,108003328,float,3169900,218.06,3172800,217.86
433061888,108265472,float,3171900,218.45,3169800,218.60
434110464,108527616,float,3181500,218.31,3174900,218.77
435159040,108789760,float,3185400,218.57,3184600,218.63
436207616,109051904,float,3188900,218.86,3196800,218.32
437256192,109314048,float,3199000,218.69,3198000,218.76
438304768,109576192,float,3196200,219.41,3206400,218.71
439353344,109838336,float,3218900,218.39,3215400,218.63
440401920,110100480,float,3216700,219.06,3219100,218.90
441450496,110362624,float,3246900,217.54,3247800,217.48
442499072,110624768,float,3252800,217.66,3249500,217.88
443547648,110886912,float,3265800,217.30,3258100,217.82
444596224,111149056,float,3263000,218.00,3272500,217.37
445644800,111411200,float,3273000,217.85,3272300,217.90
446693376,111673344,float,3285600,217.53,3283500,217.67
447741952,111935488,float,3278500,218.51,3278700,218.49
448790528,112197632,float,3286400,218.50,3286600,218.48
449839104,112459776,float,3292600,218.59,3289500,218.80
450887680,112721920,float,3289800,219.29,3300600,218.57
451936256,112984064,float,3294600,219.48,3300700,219.07
452984832,113246208,float,3306300,219.21,3309100,219.02
454033408,113508352,float,3316400,219.05,3308800,219.55
455081984,113770496,float,3322100,219.18,3320900,219.26
456130560,114032640,float,3329800,219.18,3326600,219.39
457179136,114294784,float,3357300,217.88,3354300,218.07
458227712,114556928,float,3370300,217.54,3365400,217.85
459276288,114819072,float,3369000,218.12,3370200,218.04
460324864,115081216,float,3378400,218.01,3376900,218.11
461373440,115343360,float,3377600,218.56,3384100,218.14
462422016,115605504,float,3390300,218.23,3384500,218.61
463470592,115867648,float,3395400,218.40,3390700,218.70
464519168,116129792,float,3389900,219.25,3392600,219.07
465567744,116391936,float,3401200,219.02,3400400,219.06
466616320,116654080,float,3409400,218.98,3411800,218.83
467664896,116916224,float,3416900,218.99,3412800,219.26
468713472,117178368,float,3422100,219.15,3414500,219.64
469762048,117440512,float,3426600,219.35,3423000,219.58
470810624,117702656,float,3441100,218.91,3429100,219.68
471859200,117964800,float,3444500,219.18,3439300,219.52
472907776,118226944,float,3461600,218.58,3471200,217.98
473956352,118489088,float,3474500,218.26,3473300,218.33
475004928,118751232,float,3478300,218.50,3476600,218.61
476053504,119013376,float,3486400,218.47,3489000,218.31
477102080,119275520,float,3495700,218.37,3491200,218.65
478150656,119537664,float,3503400,218.37,3498100,218.70
479199232,119799808,float,3508800,218.51,3499600,219.08
480247808,120061952,float,3507600,219.06,3508700,219.00
481296384,120324096,float,3520800,218.72,3506400,219.62
482344960,120586240,float,3519300,219.29,3515500,219.53
483393536,120848384,float,3522200,219.59,3525200,219.40
484442112,121110528,float,3534100,219.32,3537900,219.09
485490688,121372672,float,3533100,219.86,3535900,219.69
486539264,121634816,float,3551700,219.18,3550100,219.28
487587840,121896960,float,3549900,219.76,3546900,219.95
488636416,122159104,float,3573400,218.79,3574800,218.71
489684992,122421248,float,3587100,218.42,3583400,218.65
490733568,122683392,float,3596100,218.34,3583300,219.12
491782144,122945536,float,3592200,219.05,3600100,218.56
492830720,123207680,float,3615000,218.13,3611400,218.34
493879296,123469824,float,3607700,219.03,3607800,219.03
494927872,123731968,float,3618200,218.86,3615300,219.04
495976448,123994112,float,3619700,219.23,3617000,219.40
497025024,124256256,float,3630700,219.04,3621700,219.58
498073600,124518400,float,3630100,219.53,3629100,219.59
499122176,124780544,float,3629000,220.06,3643000,219.21
500170752,125042688,float,3639100,219.91,3634600,220.18
501219328,125304832,float,3655400,219.39,3647400,219.87
502267904,125566976,float,3653800,219.94,3659600,219.59
503316480,125829120,float,3671300,219.35,3663200,219.84
504365056,126091264,float,3738500,215.86,3738300,215.87
505413632,126353408,float,3744000,215.99,3745900,215.88
506462208,126615552,float,3748800,216.16,3746600,216.28
507510784,126877696,float,3758400,216.05,3760900,215.91
508559360,127139840,float,3759700,216.42,3757100,216.58
509607936,127401984,float,3759400,216.89,3762700,216.70
510656512,127664128,float,3767000,216.90,3762700,217.15
511705088,127926272,float,3773600,216.96,3765400,217.44
512753664,128188416,float,3776800,217.22,3774900,217.33
513802240,128450560,float,3775800,217.72,3774600,217.80
514850816,128712704,float,3784800,217.65,3784700,217.66
515899392,128974848,float,3790800,217.75,3785900,218.03
516947968,129236992,float,3795500,217.92,3789500,218.27
517996544,129499136,float,3797800,218.23,3798600,218.18
519045120,129761280,float,3805300,218.24,3808100,218.08
520093696,130023424,float,3830500,217.24,3833700,217.06
521142272,130285568,float,3835900,217.37,3830300,217.69
522190848,130547712,float,3844700,217.32,3837600,217.72
523239424,130809856,float,3847200,217.61,3841100,217.95
524288000,131072000,float,3846600,218.08,3845600,218.14
525336576,131334144,float,3854000,218.10,3852300,218.19
526385152,131596288,float,3855100,218.47,3855500,218.45
527433728,131858432,float,3867300,218.21,3863500,218.43
528482304,132120576,float,3871000,218.44,3864900,218.78
529530880,132382720,float,3875800,218.60,3874100,218.70
530579456,132644864,float,3879400,218.83,3875200,219.07
531628032,132907008,float,3887600,218.80,3882400,219.09
532676608,133169152,float,3894900,218.82,3887300,219.25
533725184,133431296,float,3895900,219.19,3894400,219.28
534773760,133693440,float,3899800,219.40,3898600,219.47
535822336,133955584,float,3927500,218.28,3926200,218.36
536870912,134217728,float,3935800,218.25,3932300,218.45
537919488,134479872,float,3937300,218.60,3939300,218.48
538968064,134742016,float,3943200,218.69,3939900,218.87
540016640,135004160,float,3947000,218.91,3944800,219.03
541065216,135266304,float,3951000,219.11,3949400,219.20
542113792,135528448,float,3956600,219.22,3952900,219.43
543162368,135790592,float,3962500,219.32,3958100,219.56
544210944,136052736,float,3965900,219.55,3962300,219.76
545259520,136314880,float,3974500,219.51,3966900,219.93
546308096,136577024,float,3980400,219.60,3975700,219.86
547356672,136839168,float,3983100,219.87,3983600,219.84
548405248,137101312,float,3990600,219.88,3990000,219.91
549453824,137363456,float,3998800,219.85,3995200,220.04
550502400,137625600,float,4005800,219.88,4001100,220.14
551550976,137887744,float,4029900,218.98,4025900,219.20
552599552,138149888,float,4030900,219.34,4035100,219.12
553648128,138412032,float,4039900,219.27,4035400,219.51
554696704,138674176,float,4043900,219.47,4042300,219.55
555745280,138936320,float,4051700,219.46,4048900,219.61
556793856,139198464,float,4054300,219.73,4053000,219.81
557842432,139460608,float,4063600,219.65,4059600,219.86
558891008,139722752,float,4066400,219.91,4066700,219.89
559939584,139984896,float,4074600,219.88,4067900,220.24
560988160,140247040,float,4080200,219.98,4078000,220.11
562036736,140509184,float,4086600,220.05,4078900,220.47
563085312,140771328,float,4089900,220.28,4089200,220.32
564133888,141033472,float,4098399,220.24,4097800,220.27
565182464,141295616,float,4104800,220.30,4098300,220.65
566231040,141557760,float,4107800,220.55,4105500,220.67
567279616,141819904,float,4135500,219.48,4136700,219.42
568328192,142082048,float,4137800,219.76,4137700,219.77
569376768,142344192,float,4147500,219.65,4143300,219.87
570425344,142606336,float,4152800,219.77,4148100,220.03
571473920,142868480,float,4157399,219.94,4153600,220.14
572522496,143130624,float,4163200,220.03,4158500,220.28
573571072,143392768,float,4171100,220.02,4166600,220.26
574619648,143654912,float,4173899,220.27,4168700,220.54
575668224,143917056,float,4174899,220.62,4176200,220.55
576716800,144179200,float,4189600,220.25,4182100,220.64
577765376,144441344,float,4192100,220.52,4189399,220.66
578813952,144703488,float,4196900,220.66,4194900,220.77
579862528,144965632,float,4197900,221.01,4198000,221.00
580911104,145227776,float,4215600,220.48,4206600,220.95
581959680,145489920,float,4216300,220.84,4212000,221.07
583008256,145752064,float,4239400,220.03,4239100,220.05
584056832,146014208,float,4249200,219.92,4243000,220.24
585105408,146276352,float,4258300,219.84,4253500,220.09
586153984,146538496,float,4263100,219.99,4257700,220.27
587202560,146800640,float,4266200,220.22,4266100,220.23
588251136,147062784,float,4269500,220.45,4272600,220.29
589299712,147324928,float,4279300,220.34,4272800,220.67
590348288,147587072,float,4277900,220.80,4278000,220.79
591396864,147849216,float,4290100,220.56,4282800,220.94
592445440,148111360,float,4297800,220.56,4290100,220.95
593494016,148373504,float,4298900,220.89,4298600,220.91
594542592,148635648,float,4302800,221.08,4301000,221.17
595591168,148897792,float,4310500,221.08,4310700,221.06
596639744,149159936,float,4318200,221.07,4309800,221.50
597688320,149422080,float,4325000,221.11,4318200,221.46
598736896,149684224,float,4347700,220.34,4352700,220.09
599785472,149946368,float,4354300,220.39,4355300,220.34
600834048,150208512,float,4364500,220.26,4359000,220.54
601882624,150470656,float,4369500,220.39,4366900,220.53
602931200,150732800,float,4375000,220.50,4371100,220.70
603979776,150994944,float,4379400,220.66,4377800,220.74
605028352,151257088,float,4385500,220.74,4375200,221.26
606076928,151519232,float,4387800,221.00,4384600,221.17
607125504,151781376,float,4396900,220.93,4390200,221.27
608174080,152043520,float,4396900,221.31,4399300,221.19
609222656,152305664,float,4404100,221.33,4403200,221.37
610271232,152567808,float,4410000,221.41,4408100,221.51
611319808,152829952,float,4416600,221.46,4412500,221.67
612368384,153092096,float,4419300,221.71,4424100,221.47
613416960,153354240,float,4438400,221.13,4426100,221.74
614465536,153616384,float,4457500,220.56,4449600,220.95
615514112,153878528,float,4464100,220.61,4462100,220.71
616562688,154140672,float,4468500,220.77,4470700,220.66
617611264,154402816,float,4472000,220.97,4475400,220.80
618659840,154664960,float,4480000,220.95,4479000,221.00
619708416,154927104,float,4486100,221.02,4485000,221.08
620756992,155189248,float,4489600,221.22,4488500,221.28
621805568,155451392,float,4497000,221.23,4493000,221.43
622854144,155713536,float,4500100,221.45,4499100,221.51
623902720,155975680,float,4507300,221.47,4498600,221.90
624951296,156237824,float,4509300,221.74,4508900,221.77
625999872,156499968,float,4522200,221.48,4519900,221.60
627048448,156762112,float,4526300,221.65,4520300,221.95
628097024,157024256,float,4532000,221.75,4528200,221.93
629145600,157286400,float,4540900,221.68,4540800,221.68
630194176,157548544,float,4560900,221.08,4559500,221.15
631242752,157810688,float,4568000,221.10,4566700,221.16
632291328,158072832,float,4577200,221.02,4575000,221.13
633339904,158334976,float,4580000,221.25,4581400,221.18
634388480,158597120,float,4591100,221.09,4581400,221.55
635437056,158859264,float,4592800,221.37,4588900,221.56
636485632,159121408,float,4601700,221.31,4597300,221.52
637534208,159383552,float,4601900,221.66,4600700,221.72
638582784,159645696,float,4607400,221.76,4607900,221.73
639631360,159907840,float,4615100,221.75,4611200,221.94
640679936,160169984,float,4618900,221.93,4619500,221.91
641728512,160432128,float,4624800,222.01,4620300,222.23
642777088,160694272,float,4637000,221.79,4627500,222.24
643825664,160956416,float,4642400,221.90,4640800,221.97
644874240,161218560,float,4646100,222.08,4650200,221.88
645922816,161480704,float,4669400,221.33,4672100,221.20
646971392,161742848,float,4681400,221.12,4673200,221.51
648019968,162004992,float,4682100,221.44,4680200,221.54
649068544,162267136,float,4685700,221.63,4684300,221.70
650117120,162529280,float,4692800,221.65,4691400,221.72
651165696,162791424,float,4702600,221.55,4695600,221.88
652214272,163053568,float,4710700,221.52,4703100,221.88
653262848,163315712,float,4711200,221.86,4705900,222.11
654311424,163577856,float,4717700,221.91,4717300,221.93
655360000,163840000,float,4719000,222.20,4719500,222.18
656408576,164102144,float,4729500,222.07,4727900,222.14
657457152,164364288,float,4737100,222.06,4731700,222.31
658505728,164626432,float,4741700,222.20,4743400,222.12
659554304,164888576,float,4746600,222.32,4750100,222.16
660602880,165150720,float,4757200,222.18,4754700,222.30
661651456,165412864,float,4777900,221.57,4774700,221.72
662700032,165675008,float,4781600,221.75,4781800,221.74
663748608,165937152,float,4792300,221.60,4788100,221.80
664797184,166199296,float,4794300,221.86,4791900,221.97
665845760,166461440,float,4802800,221.82,4804500,221.74
666894336,166723584,float,4808700,221.90,4804500,222.09
667942912,166985728,float,4815300,221.94,4809700,222.20
668991488,167247872,float,4821000,222.02,4816600,222.23
670040064,167510016,float,4821900,222.33,4826300,222.13
671088640,167772160,float,4830200,222.30,4829800,222.31
672137216,168034304,float,4834700,222.44,4837200,222.32
673185792,168296448,float,4843500,222.38,4840000,222.54
674234368,168558592,float,4853300,222.28,4849100,222.47
675282944,168820736,float,4863400,222.16,4858000,222.41
676331520,169082880,float,4867300,222.32,4860900,222.62
677380096,169345024,float,4885000,221.87,4882700,221.97
678428672,169607168,float,4890600,221.95,4890700,221.95
679477248,169869312,float,4899600,221.89,4892500,222.21
680525824,170131456,float,4902500,222.10,4898100,222.30
681574400,170393600,float,4911800,222.02,4904700,222.34
682622976,170655744,float,4916400,222.15,4915500,222.19
683671552,170917888,float,4921200,222.28,4922000,222.24
684720128,171180032,float,4925900,222.40,4925600,222.42
685768704,171442176,float,4936000,222.29,4932500,222.45
686817280,171704320,float,4939700,222.47,4937200,222.58
687865856,171966464,float,4947900,222.43,4946900,222.48
688914432,172228608,float,4952700,222.56,4953900,222.51
689963008,172490752,float,4961300,222.51,4957500,222.68
691011584,172752896,float,4969900,222.46,4965200,222.67
692060160,173015040,float,4975800,222.54,4970300,222.78
693108736,173277184,float,4988300,222.32,4990600,222.21
694157312,173539328,float,5001800,222.05,4997100,222.26
695205888,173801472,float,5006900,222.16,5001400,222.40
696254464,174063616,float,5014200,222.17,5009100,222.40
697303040,174325760,float,5021500,222.18,5018800,222.30
698351616,174587904,float,5026500,222.30,5031800,222.06
699400192,174850048,float,5028800,222.53,5032500,222.36
700448768,175112192,float,5034500,222.61,5037100,222.49
701497344,175374336,float,5049200,222.29,5042900,222.57
702545920,175636480,float,5050400,222.57,5047300,222.71
703594496,175898624,float,5055600,222.67,5053700,222.76
704643072,176160768,float,5065000,222.59,5064000,222.64
705691648,176422912,float,5071000,222.66,5070200,222.70
706740224,176685056,float,5076100,222.77,5076400,222.75
707788800,176947200,float,5089000,222.53,5085800,222.67
708837376,177209344,float,5098400,222.45,5103300,222.24
709885952,177471488,float,5107100,222.40,5106500,222.43
710934528,177733632,float,5114500,222.41,5110600,222.58
711983104,177995776,float,5124100,222.32,5118600,222.55
713031680,178257920,float,5130900,222.35,5125200,222.60
714080256,178520064,float,5134800,222.51,5139200,222.32
715128832,178782208,float,5143900,222.44,5141500,222.55
716177408,179044352,float,5150900,222.46,5147700,222.60
717225984,179306496,float,5152900,222.70,5155600,222.59
718274560,179568640,float,5157600,222.82,5159200,222.76
719323136,179830784,float,5168800,222.67,5169800,222.62
720371712,180092928,float,5173000,222.81,5170600,222.91
721420288,180355072,float,5185100,222.62,5178800,222.88
722468864,180617216,float,5189500,222.75,5187300,222.84
723517440,180879360,float,5195800,222.80,5194800,222.84
724566016,181141504,float,5211600,222.45,5206300,222.67
725614592,181403648,float,5220300,222.40,5219100,222.45
726663168,181665792,float,5224900,222.52,5225100,222.51
727711744,181927936,float,5231100,222.58,5229300,222.66
728760320,182190080,float,5237700,222.62,5233400,222.80
729808896,182452224,float,5242300,222.74,5240300,222.83
730857472,182714368,float,5255700,222.50,5250700,222.71
731906048,182976512,float,5255800,222.81,5254100,222.88
732954624,183238656,float,5263400,222.81,5259800,222.96
734003200,183500800,float,5269900,222.85,5272100,222.76
735051776,183762944,float,5279600,222.76,5277700,222.84
736100352,184025088,float,5285900,222.81,5279400,223.08
737148928,184287232,float,5290800,222.92,5289200,222.99
738197504,184549376,float,5297400,222.96,5296100,223.02
739246080,184811520,float,5305800,222.92,5303400,223.02
740294656,185073664,float,5320400,222.63,5320100,222.64
741343232,185335808,float,5324600,222.77,5324500,222.77
742391808,185597952,float,5334300,222.68,5333100,222.73
743440384,185860096,float,5343600,222.60,5339600,222.77
744488960,186122240,float,5347700,222.75,5349900,222.65
745537536,186384384,float,5355900,222.72,5352800,222.85
746586112,186646528,float,5363200,222.73,5357000,222.99
747634688,186908672,float,5369300,222.79,5364800,222.98
748683264,187170816,float,5371100,223.02,5371900,222.99
749731840,187432960,float,5380400,222.95,5376600,223.11
750780416,187695104,float,5387900,222.95,5386000,223.03
751828992,187957248,float,5394300,223.00,5391300,223.12
752877568,188219392,float,5400900,223.04,5405200,222.86
753926144,188481536,float,5407300,223.08,5407800,223.06
754974720,188743680,float,5415600,223.05,5412400,223.18
756023296,189005824,float,5496200,220.08,5495300,220.12
757071872,189267968,float,5502200,220.15,5500600,220.22
758120448,189530112,float,5507900,220.23,5505300,220.33
759169024,189792256,float,5520600,220.02,5517400,220.15
760217600,190054400,float,5516000,220.51,5518900,220.40
761266176,190316544,float,5522200,220.57,5519200,220.69
762314752,190578688,float,5523800,220.81,5522200,220.87
763363328,190840832,float,5529900,220.87,5525400,221.05
764411904,191102976,float,5532000,221.09,5532900,221.05
765460480,191365120,float,5534400,221.30,5533600,221.33
766509056,191627264,float,5542900,221.26,5543400,221.24
767557632,191889408,float,5550300,221.26,5546200,221.43
768606208,192151552,float,5550600,221.56,5554600,221.40
769654784,192413696,float,5566900,221.21,5550400,221.87
770703360,192675840,float,5571800,221.31,5564000,221.63
771751936,192937984,float,5588900,220.94,5584900,221.10
772800512,193200128,float,5595000,221.00,5592400,221.10
773849088,193462272,float,5601000,221.06,5596600,221.23
774897664,193724416,float,5607900,221.09,5607700,221.09
775946240,193986560,float,5610500,221.28,5610600,221.28
776994816,194248704,float,5617400,221.31,5614000,221.45
778043392,194510848,float,5620800,221.48,5616900,221.63
779091968,194772992,float,5625200,221.60,5623200,221.68
780140544,195035136,float,5630200,221.70,5622400,222.01
781189120,195297280,float,5633000,221.89,5628700,222.06
782237696,195559424,float,5639400,221.94,5633300,222.17
783286272,195821568,float,5645800,221.98,5641000,222.17
784334848,196083712,float,5649100,222.15,5647800,222.20
785383424,196345856,float,5652200,222.32,5653600,222.27
786432000,196608000,float,5655900,222.47,5657200,222.42
787480576,196870144,float,5687800,221.52,5679600,221.84
788529152,197132288,float,5691200,221.68,5694200,221.57
789577728,197394432,float,5701600,221.57,5695600,221.81
790626304,197656576,float,5704200,221.77,5698700,221.98
791674880,197918720,float,5707000,221.95,5702800,222.12
792723456,198180864,float,5708500,222.19,5707700,222.22
793772032,198443008,float,5719000,222.07,5712400,222.33
794820608,198705152,float,5719900,222.33,5715600,222.50
795869184,198967296,float,5727400,222.33,5722500,222.52
796917760,199229440,float,5736900,222.26,5726700,222.65
797966336,199491584,float,5739200,222.46,5735000,222.62
799014912,199753728,float,5745300,222.52,5740000,222.72
800063488,200015872,float,5753600,222.49,5745800,222.79
801112064,200278016,float,5757700,222.62,5752500,222.82
802160640,200540160,float,5764900,222.63,5760200,222.82
803209216,200802304,float,5787400,222.06,5782900,222.23
804257792,201064448,float,5794800,222.06,5789600,222.26
805306368,201326592,float,5799100,222.19,5794300,222.37
806354944,201588736,float,5800000,222.44,5798800,222.49
807403520,201850880,float,5809400,222.37,5807100,222.46
808452096,202113024,float,5818900,222.30,5808700,222.69
809500672,202375168,float,5817200,222.65,5813200,222.81
810549248,202637312,float,5827100,222.56,5821400,222.78
811597824,202899456,float,5828500,222.79,5822700,223.01
812646400,203161600,float,5834700,222.84,5830400,223.01
813694976,203423744,float,5835400,223.11,5836400,223.07
814743552,203685888,float,5848100,222.91,5847600,222.93
815792128,203948032,float,5853500,222.99,5849000,223.16
816840704,204210176,float,5861300,222.98,5855900,223.18
817889280,204472320,float,5863600,223.18,5862600,223.21
818937856,204734464,float,5888700,222.51,5887200,222.57
819986432,204996608,float,5899400,222.39,5898000,222.45
821035008,205258752,float,5903800,222.51,5897600,222.75
822083584,205520896,float,5907000,222.67,5902600,222.84
823132160,205783040,float,5920400,222.45,5907100,222.95
824180736,206045184,float,5921800,222.68,5913500,223.00
825229312,206307328,float,5923000,222.92,5917800,223.12
826277888,206569472,float,5929000,222.98,5923800,223.18
827326464,206831616,float,5936100,223.00,5927000,223.34
828375040,207093760,float,5943900,222.99,5934500,223.34
829423616,207355904,float,5951700,222.98,5946700,223.16
830472192,207618048,float,5948100,223.39,5946300,223.46
831520768,207880192,float,5957000,223.34,5954300,223.44
832569344,208142336,float,5968400,223.19,5962300,223.42
833617920,208404480,float,5972700,223.31,5969600,223.43
834666496,208666624,float,5995800,222.73,5986400,223.08
835715072,208928768,float,5998500,222.91,6001700,222.79
836763648,209190912,float,6009900,222.77,6001800,223.07
837812224,209453056,float,6015900,222.83,6009100,223.08
838860800,209715200,float,6022300,222.87,6013800,223.18
839909376,209977344,float,6026800,222.98,6022000,223.16
840957952,210239488,float,6028300,223.20,6020900,223.48
842006528,210501632,float,6033600,223.28,6031700,223.36
843055104,210763776,float,6039800,223.33,6036800,223.44
844103680,211025920,float,6047000,223.35,6045000,223.42
845152256,211288064,float,6050700,223.48,6050400,223.50
846200832,211550208,float,6058400,223.48,6053100,223.68
847249408,211812352,float,6061000,223.66,6062600,223.60
848297984,212074496,float,6070600,223.58,6070600,223.58
849346560,212336640,float,6076600,223.64,6070100,223.88
850395136,212598784,float,6105000,222.87,6093900,223.28
851443712,212860928,float,6109000,223.00,6105100,223.14
852492288,213123072,float,6115200,223.05,6108900,223.28
853540864,213385216,float,6116200,223.29,6112000,223.44
854589440,213647360,float,6120800,223.39,6118400,223.48
855638016,213909504,float,6129300,223.36,6129400,223.35
856686592,214171648,float,6134500,223.44,6133100,223.49
857735168,214433792,float,6141900,223.44,6136500,223.64
858783744,214695936,float,6145300,223.59,6145700,223.58
859832320,214958080,float,6149000,223.73,6146500,223.82
860880896,215220224,float,6154200,223.81,6153500,223.84
861929472,215482368,float,6162900,223.77,6159900,223.88
862978048,215744512,float,6166900,223.90,6165200,223.96
864026624,216006656,float,6173200,223.94,6176200,223.83
865075200,216268800,float,6177900,224.04,6179900,223.97
866123776,216530944,float,6207000,223.26,6201500,223.46
867172352,216793088,float,6212300,223.34,6208900,223.47
868220928,217055232,float,6221700,223.28,6215800,223.49
869269504,217317376,float,6224000,223.46,6219700,223.62
870318080,217579520,float,6232400,223.43,6224500,223.72
871366656,217841664,float,6239300,223.45,6232000,223.71
872415232,218103808,float,6241400,223.65,6242700,223.60
873463808,218365952,float,6244300,223.81,6250500,223.59
874512384,218628096,float,6250500,223.86,6246100,224.01
875560960,218890240,float,6258100,223.85,6252100,224.07
876609536,219152384,float,6261200,224.01,6263000,223.95
877658112,219414528,float,6269700,223.97,6268000,224.03
878706688,219676672,float,6274700,224.06,6271500,224.18
879755264,219938816,float,6280900,224.11,6282500,224.05
880803840,220200960,float,6285900,224.20,6286200,224.19
881852416,220463104,float,6307200,223.71,6311000,223.57
882900992,220725248,float,6316100,223.66,6309100,223.91
883949568,220987392,float,6323100,223.67,6318000,223.85
884998144,221249536,float,6329400,223.72,6326200,223.83
886046720,221511680,float,6335000,223.79,6334400,223.81
887095296,221773824,float,6341000,223.84,6342600,223.78
888143872,222035968,float,6350100,223.78,6347300,223.88
889192448,222298112,float,6350600,224.03,6348200,224.11
890241024,222560256,float,6359400,223.98,6353000,224.21
891289600,222822400,float,6368000,223.94,6355800,224.37
892338176,223084544,float,6371700,224.08,6365700,224.29
893386752,223346688,float,6377000,224.15,6374500,224.24
894435328,223608832,float,6383300,224.19,6379500,224.33
895483904,223870976,float,6389300,224.24,6384900,224.40
896532480,224133120,float,6397400,224.22,6395200,224.30
897581056,224395264,float,6415800,223.84,6415200,223.86
898629632,224657408,float,6423000,223.85,6422100,223.88
899678208,224919552,float,6430200,223.86,6423800,224.09
900726784,225181696,float,6438500,223.84,6431500,224.08
901775360,225443840,float,6444100,223.90,6440900,224.01
902823936,225705984,float,6448600,224.00,6443800,224.17
903872512,225968128,float,6450000,224.22,6453600,224.09
904921088,226230272,float,6460700,224.11,6457000,224.23
905969664,226492416,float,6461800,224.33,6461600,224.33
907018240,226754560,float,6469200,224.33,6467700,224.38
908066816,227016704,float,6476700,224.33,6479500,224.23
909115392,227278848,float,6485900,224.27,6484200,224.33
910163968,227540992,float,6491900,224.32,6488100,224.45
911212544,227803136,float,6495400,224.46,6499000,224.33
912261120,228065280,float,6505000,224.38,6501400,224.51
913309696,228327424,float,6526400,223.91,6514000,224.33
914358272,228589568,float,6530800,224.01,6527100,224.14
915406848,228851712,float,6537700,224.03,6535400,224.11
916455424,229113856,float,6540300,224.20,6545300,224.03
917504000,229376000,float,6550200,224.12,6548000,224.19
918552576,229638144,float,6552800,224.28,6551000,224.34
919601152,229900288,float,6561000,224.26,6559800,224.30
920649728,230162432,float,6563900,224.41,6561900,224.48
921698304,230424576,float,6571700,224.40,6569100,224.49
922746880,230686720,float,6577600,224.46,6574500,224.56
923795456,230948864,float,6585200,224.45,6583000,224.53
924844032,231211008,float,6591200,224.51,6591200,224.50
925892608,231473152,float,6602700,224.37,6596600,224.58
926941184,231735296,float,6609100,224.41,6605600,224.52
927989760,231997440,float,6611400,224.58,6613000,224.53
929038336,232259584,float,6628700,224.25,6630600,224.18
930086912,232521728,float,6635100,224.28,6629400,224.48
931135488,232783872,float,6643100,224.27,6639500,224.39
932184064,233046016,float,6649600,224.30,6648100,224.35
933232640,233308160,float,6653100,224.43,6652400,224.46
934281216,233570304,float,6661100,224.41,6661300,224.41
935329792,233832448,float,6668900,224.40,6665900,224.50
936378368,234094592,float,6670600,224.60,6668700,224.66
937426944,234356736,float,6683300,224.42,6678500,224.58
938475520,234618880,float,6688000,224.52,6681400,224.74
939524096,234881024,float,6696800,224.47,6689700,224.71
940572672,235143168,float,6698600,224.66,6701900,224.55
941621248,235405312,float,6709400,224.55,6703000,224.76
942669824,235667456,float,6717600,224.53,6707900,224.85
943718400,235929600,float,6720800,224.67,6721000,224.66
944766976,236191744,float,6733800,224.48,6738400,224.33
945815552,236453888,float,6747400,224.28,6744400,224.38
946864128,236716032,float,6751800,224.38,6747400,224.53
947912704,236978176,float,6758100,224.42,6749400,224.71
948961280,237240320,float,6768000,224.34,6763600,224.49
950009856,237502464,float,6773900,224.39,6771800,224.46
951058432,237764608,float,6781100,224.40,6776400,224.56
952107008,238026752,float,6786000,224.49,6781400,224.64
953155584,238288896,float,6791100,224.57,6789500,224.62
954204160,238551040,float,6794800,224.69,6794100,224.71
955252736,238813184,float,6805600,224.58,6804000,224.63
956301312,239075328,float,6810400,224.67,6807700,224.76
957349888,239337472,float,6813300,224.82,6813400,224.82
958398464,239599616,float,6823200,224.74,6822900,224.75
959447040,239861760,float,6833600,224.64,6829700,224.77
960495616,240123904,float,6846100,224.48,6845700,224.49
961544192,240386048,float,6852700,224.51,6849600,224.61
962592768,240648192,float,6864300,224.37,6859700,224.52
963641344,240910336,float,6868800,224.47,6864900,224.60
964689920,241172480,float,6876300,224.47,6870800,224.65
965738496,241434624,float,6880700,224.57,6878700,224.63
966787072,241696768,float,6886100,224.63,6884700,224.68
967835648,241958912,float,6891900,224.69,6895300,224.58
968884224,242221056,float,6897800,224.74,6896400,224.79
969932800,242483200,float,6907000,224.68,6904000,224.78
970981376,242745344,float,6913300,224.72,6919500,224.52
972029952,243007488,float,6924800,224.59,6917500,224.83
973078528,243269632,float,6924200,224.85,6924700,224.84
974127104,243531776,float,6933100,224.81,6931500,224.86
975175680,243793920,float,6943300,224.72,6934100,225.01
976224256,244056064,float,6958100,224.48,6951700,224.69
977272832,244318208,float,6962200,224.59,6957200,224.75
978321408,244580352,float,6970500,224.56,6968000,224.64
979369984,244842496,float,6976700,224.60,6974900,224.66
980418560,245104640,float,6988600,224.46,6982600,224.65
981467136,245366784,float,6991800,224.60,6983600,224.86
982515712,245628928,float,6996200,224.70,6997400,224.66
983564288,245891072,float,7002300,224.74,7004000,224.69
984612864,246153216,float,7009000,224.77,7005400,224.88
985661440,246415360,float,7016800,224.75,7013300,224.87
986710016,246677504,float,7024900,224.73,7018600,224.93
987758592,246939648,float,7027300,224.90,7024600,224.98
988807168,247201792,float,7036100,224.85,7036500,224.84
989855744,247463936,float,7047300,224.73,7041400,224.92
990904320,247726080,float,7052700,224.80,7047400,224.97
991952896,247988224,float,7063300,224.70,7062900,224.71
993001472,248250368,float,7067100,224.82,7068200,224.78
994050048,248512512,float,7079200,224.67,7080100,224.64
995098624,248774656,float,7085700,224.70,7085900,224.69
996147200,249036800,float,7090000,224.80,7092600,224.72
997195776,249298944,float,7097900,224.79,7096900,224.82
998244352,249561088,float,7112400,224.56,7105200,224.79
999292928,249823232,float,7112500,224.80,7105400,225.02
1000341504,250085376,float,7123100,224.70,7120600,224.78
1001390080,250347520,float,7129000,224.75,7119500,225.05
1002438656,250609664,float,7134500,224.81,7132500,224.87
1003487232,250871808,float,7144200,224.74,7137900,224.94
1004535808,251133952,float,7148700,224.83,7142000,225.04
1005584384,251396096,float,7153800,224.91,7152200,224.96
1006632960,251658240,float,7164100,224.82,7157500,225.02
1007681536,251920384,float,7241900,222.63,7239200,222.72
1008730112,252182528,float,7249100,222.64,7244300,222.79
1009778688,252444672,float,7258100,222.60,7249400,222.87
1010827264,252706816,float,7268800,222.50,7260200,222.77
1011875840,252968960,float,7267400,222.78,7259700,223.01
1012924416,253231104,float,7269800,222.93,7264100,223.11
1013972992,253493248,float,7274500,223.02,7266400,223.27
1015021568,253755392,float,7279700,223.09,7276900,223.18
1016070144,254017536,float,7283600,223.20,7282200,223.24
1017118720,254279680,float,7286800,223.33,7281200,223.51
1018167296,254541824,float,7290900,223.44,7288600,223.51
1019215872,254803968,float,7300000,223.39,7288900,223.73
1020264448,255066112,float,7301300,223.58,7299900,223.62
1021313024,255328256,float,7309500,223.56,7305900,223.67
1022361600,255590400,float,7315500,223.60,7311500,223.73
1023410176,255852544,float,7342900,223.00,7334300,223.26
1024458752,256114688,float,7342800,223.23,7334900,223.47
1025507328,256376832,float,7342400,223.47,7346300,223.35
1026555904,256638976,float,7349600,223.48,7350600,223.45
1027604480,256901120,float,7354900,223.55,7352700,223.61
1028653056,257163264,float,7360100,223.62,7360400,223.61
1029701632,257425408,float,7367500,223.62,7363600,223.74
1030750208,257687552,float,7375900,223.59,7367100,223.86
1031798784,257949696,float,7379900,223.70,7374500,223.86
1032847360,258211840,float,7387300,223.70,7380700,223.90
1033895936,258473984,float,7382900,224.06,7386100,223.97
1034944512,258736128,float,7391900,224.02,7394300,223.94
1035993088,258998272,float,7397600,224.07,7397000,224.09
1037041664,259260416,float,7402700,224.14,7403300,224.13
1038090240,259522560,float,7408100,224.21,7399100,224.48
1039138816,259784704,float,7431600,223.72,7428700,223.81
1040187392,260046848,float,7437400,223.77,7432700,223.92
1041235968,260308992,float,7439300,223.94,7438600,223.96
1042284544,260571136,float,7444300,224.02,7445700,223.98
1043333120,260833280,float,7452800,223.99,7448000,224.13
1044381696,261095424,float,7460500,223.98,7452300,224.23
1045430272,261357568,float,7468400,223.97,7463200,224.12
1046478848,261619712,float,7466900,224.24,7466600,224.25
1047527424,261881856,float,7473300,224.27,7465500,224.51
1048576000,262144000,float,7477000,224.39,7472700,224.51
1049624576,262406144,float,7483000,224.43,7477000,224.61
1050673152,262668288,float,7489800,224.45,7488100,224.50
1051721728,262930432,float,7497000,224.46,7488500,224.71
1052770304,263192576,float,7501500,224.55,7500600,224.57
1053818880,263454720,float,7510400,224.50,7506600,224.62
1054867456,263716864,float,7532400,224.07,7527700,224.21
1055916032,263979008,float,7534700,224.22,7536700,224.17
1056964608,264241152,float,7539500,224.30,7541400,224.25
1058013184,264503296,float,7550300,224.21,7541600,224.47
1059061760,264765440,float,7557800,224.21,7545800,224.56
1060110336,265027584,float,7561100,224.33,7553300,224.56
1061158912,265289728,float,7562200,224.52,7562200,224.52
1062207488,265551872,float,7568700,224.55,7563800,224.69
1063256064,265814016,float,7575300,224.57,7574800,224.59
1064304640,266076160,float,7579700,224.67,7576100,224.77
1065353216,266338304,float,7587500,224.66,7588000,224.64
1066401792,266600448,float,7592800,224.72,7587100,224.89
1067450368,266862592,float,7601400,224.68,7595500,224.86
1068498944,267124736,float,7602900,224.86,7603700,224.84
1069547520,267386880,float,7609200,224.90,7605500,225.00
1070596096,267649024,float,7635000,224.36,7628600,224.54
1071644672,267911168,float,7644800,224.29,7636700,224.52
1072693248,268173312,float,7651300,224.31,7637400,224.72
1073741824,268435456,float,7653200,224.48,7647000,224.66
