size(B),count,type,time(ns),busbw(GB/s),time(ns),busbw(GB/s)
1048576,262144,float,44210,23.72,45100,23.25
2097152,524288,float,53430,39.25,51130,41.01
3145728,786432,float,56270,55.90,54160,58.08
4194304,1048576,float,61180,68.55,60260,69.61
5242880,1310720,float,69900,75.01,69040,75.94
6291456,1572864,float,72720,86.52,70250,89.55
7340032,1835008,float,84150,87.23,82320,89.16
8388608,2097152,float,86900,96.53,87360,96.03
9437184,2359296,float,92050,102.52,91090,103.60
10485760,2621440,float,97670,107.36,95510,109.79
11534336,2883584,float,106300,108.47,103400,111.53
12582912,3145728,float,109100,115.37,105500,119.32
13631488,3407872,float,117500,116.02,117100,116.43
14680064,3670016,float,122400,119.95,122100,120.19
15728640,3932160,float,127900,123.02,124200,126.63
16777216,4194304,float,131900,127.16,129400,129.65
17825792,4456448,float,139400,127.89,140100,127.21
18874368,4718592,float,143500,131.49,141400,133.48
19922944,4980736,float,154400,129.07,150500,132.37
20971520,5242880,float,159500,131.45,157500,133.12
22020096,5505024,float,163500,134.66,161900,136.00
23068672,5767168,float,165900,139.08,162800,141.68
24117248,6029312,float,176400,136.68,174400,138.32
25165824,6291456,float,176500,142.61,174400,144.26
26214400,6553600,float,189800,138.10,186900,140.27
27262976,6815744,float,195100,139.74,194100,140.43
28311552,7077888,float,199100,142.17,197300,143.52
29360128,7340032,float,202500,144.99,200200,146.68
30408704,7602176,float,212600,143.03,210900,144.20
31457280,7864320,float,215600,145.89,213400,147.40
32505856,8126464,float,225200,144.36,222900,145.86
33554432,8388608,float,230000,145.88,229000,146.52
34603008,8650752,float,234800,147.34,233200,148.35
35651584,8912896,float,238200,149.64,236300,150.86
36700160,9175040,float,247100,148.50,246100,149.14
37748736,9437184,float,249500,151.32,247100,152.74
38797312,9699328,float,260700,148.82,257700,150.55
39845888,9961472,float,266000,149.77,264400,150.68
40894464,10223616,float,269700,151.64,267000,153.16
41943040,10485760,float,271400,154.57,271900,154.27
42991616,10747904,float,281400,152.80,280700,153.15
44040192,11010048,float,280100,157.21,280700,156.92
45088768,11272192,float,291700,154.56,292800,153.99
46137344,11534336,float,300600,153.46,298400,154.60
47185920,11796480,float,300800,156.87,302000,156.24
48234496,12058624,float,304800,158.26,305000,158.17
49283072,12320768,float,313500,157.19,313100,157.39
50331648,12582912,float,313000,160.78,313700,160.46
51380224,12845056,float,327300,156.97,327100,157.06
52428800,13107200,float,331600,158.13,330000,158.86
53477376,13369344,float,334200,160.02,333100,160.53
54525952,13631488,float,338300,161.18,336900,161.85
55574528,13893632,float,347100,160.11,346900,160.19
56623104,14155776,float,348200,162.59,348500,162.49
57671680,14417920,float,359500,160.43,358900,160.70
58720256,14680064,float,365100,160.85,365300,160.75
59768832,14942208,float,365900,163.33,367100,162.80
60817408,15204352,float,371600,163.67,371000,163.92
61865984,15466496,float,381300,162.25,381500,162.16
62914560,15728640,float,383500,164.07,383700,163.95
63963136,15990784,float,392100,163.13,393400,162.57
65011712,16252928,float,398200,163.28,396800,163.85
66060288,16515072,float,401300,164.61,401000,164.75
67108864,16777216,float,404700,165.81,404000,166.10
68157440,17039360,float,413500,164.84,412800,165.10
69206016,17301504,float,413900,167.21,415100,166.72
70254592,17563648,float,424700,165.41,424800,165.40
71303168,17825792,float,431800,165.15,431400,165.27
72351744,18087936,float,433200,167.03,435400,166.16
73400320,18350080,float,436100,168.30,437200,167.90
74448896,18612224,float,446900,166.59,446000,166.91
75497472,18874368,float,445800,169.35,443800,170.13
76546048,19136512,float,456600,167.66,456500,167.69
77594624,19398656,float,463500,167.40,463200,167.53
78643200,19660800,float,468600,167.82,467700,168.15
79691776,19922944,float,468600,170.05,467600,170.42
80740352,20185088,float,477600,169.05,477300,169.17
81788928,20447232,float,475700,171.94,478100,171.06
82837504,20709376,float,488000,169.74,490200,168.98
83886080,20971520,float,497000,168.78,495600,169.28
84934656,21233664,float,499700,169.97,499300,170.11
85983232,21495808,float,500000,171.95,500100,171.94
87031808,21757952,float,509600,170.79,510800,170.40
88080384,22020096,float,510700,172.48,508200,173.32
89128960,22282240,float,522200,170.69,520400,171.28
90177536,22544384,float,525800,171.51,526700,171.22
91226112,22806528,float,530800,171.88,528700,172.54
92274688,23068672,float,532000,173.45,532100,173.42
93323264,23330816,float,541400,172.38,541500,172.35
94371840,23592960,float,542900,173.84,543500,173.64
95420416,23855104,float,551500,173.03,551400,173.05
96468992,24117248,float,557000,173.18,557800,172.96
97517568,24379392,float,560600,173.94,561300,173.75
98566144,24641536,float,563100,175.06,564800,174.50
99614720,24903680,float,573600,173.65,573400,173.72
100663296,25165824,float,572000,175.98,573600,175.50
101711872,25427968,float,600600,169.34,599500,169.66
102760448,25690112,float,607300,169.22,606000,169.56
103809024,25952256,float,607800,170.81,608300,170.67
104857600,26214400,float,612700,171.13,613500,170.92
105906176,26476544,float,618400,171.25,619200,171.04
106954752,26738688,float,621600,172.07,620000,172.51
108003328,27000832,float,632800,170.66,629700,171.52
109051904,27262976,float,634200,171.95,633500,172.15
110100480,27525120,float,638400,172.46,637500,172.72
111149056,27787264,float,641500,173.26,642400,173.02
112197632,28049408,float,651500,172.21,651200,172.30
113246208,28311552,float,652000,173.69,650500,174.10
114294784,28573696,float,662100,172.63,660400,173.07
115343360,28835840,float,666900,172.95,666500,173.06
116391936,29097984,float,670500,173.60,669800,173.76
117440512,29360128,float,675100,173.96,674500,174.11
118489088,29622272,float,683500,173.35,682000,173.74
119537664,29884416,float,685000,174.50,682400,175.18
120586240,30146560,float,696900,173.03,694000,173.74
121634816,30408704,float,700400,173.66,700300,173.70
122683392,30670848,float,704700,174.10,700800,175.07
123731968,30932992,float,710100,174.24,706500,175.13
124780544,31195136,float,716900,174.06,714100,174.75
125829120,31457280,float,717200,175.45,713500,176.36
126877696,31719424,float,725700,174.84,724800,175.06
127926272,31981568,float,731600,174.86,732300,174.70
128974848,32243712,float,738600,174.63,737400,174.90
130023424,32505856,float,740500,175.59,739700,175.78
131072000,32768000,float,747700,175.29,747300,175.39
132120576,33030144,float,748000,176.63,750300,176.08
133169152,33292288,float,761600,174.86,759700,175.28
134217728,33554432,float,763600,175.77,765700,175.28
135266304,33816576,float,770400,175.57,768200,176.07
136314880,34078720,float,771100,176.78,772900,176.37
137363456,34340864,float,782100,175.63,779000,176.34
138412032,34603008,float,783300,176.71,782400,176.90
139460608,34865152,float,793400,175.78,791900,176.12
140509184,35127296,float,799700,175.70,795900,176.54
141557760,35389440,float,801000,176.72,800400,176.86
142606336,35651584,float,804100,177.34,804700,177.21
143654912,35913728,float,813200,176.65,810900,177.15
144703488,36175872,float,813000,177.98,814600,177.63
145752064,36438016,float,825000,176.66,824200,176.84
146800640,36700160,float,829800,176.91,831100,176.64
147849216,36962304,float,835400,176.98,833200,177.46
148897792,37224448,float,838200,177.64,835200,178.27
149946368,37486592,float,846100,177.21,846000,177.24
150994944,37748736,float,847700,178.13,845500,178.58
152043520,38010880,float,857000,177.40,856500,177.52
153092096,38273024,float,863700,177.25,861900,177.62
154140672,38535168,float,866400,177.90,866300,177.93
155189248,38797312,float,870800,178.21,871100,178.15
156237824,39059456,float,878500,177.85,877100,178.13
157286400,39321600,float,882400,178.24,879400,178.86
158334976,39583744,float,890700,177.76,890100,177.89
159383552,39845888,float,893900,178.31,895200,178.05
160432128,40108032,float,898900,178.47,900500,178.15
161480704,40370176,float,903800,178.67,904500,178.53
162529280,40632320,float,911100,178.39,911600,178.28
163577856,40894464,float,911400,179.49,909800,179.79
164626432,41156608,float,923200,178.32,921300,178.68
165675008,41418752,float,928900,178.37,926800,178.76
166723584,41680896,float,929100,179.44,932700,178.76
167772160,41943040,float,932600,179.89,936200,179.20
168820736,42205184,float,943900,178.86,942600,179.10
169869312,42467328,float,944300,179.89,943500,180.04
170917888,42729472,float,953100,179.33,955900,178.80
171966464,42991616,float,960900,178.96,961000,178.95
173015040,43253760,float,964700,179.35,962500,179.76
174063616,43515904,float,966700,180.05,967300,179.95
175112192,43778048,float,977600,179.12,973900,179.81
176160768,44040192,float,975500,180.58,974100,180.84
177209344,44302336,float,985900,179.74,986200,179.68
178257920,44564480,float,990700,179.93,995000,179.15
179306496,44826624,float,998700,179.55,996800,179.89
180355072,45088768,float,999300,180.48,998200,180.68
181403648,45350912,float,1008200,179.93,1007400,180.08
182452224,45613056,float,1008200,180.97,1006600,181.26
183500800,45875200,float,1022400,179.48,1018200,180.22
184549376,46137344,float,1027099,179.67,1023900,180.25
185597952,46399488,float,1027700,180.60,1026599,180.79
186646528,46661632,float,1034900,180.35,1030300,181.16
187695104,46923776,float,1039599,180.55,1040900,180.32
188743680,47185920,float,1042000,181.14,1041000,181.31
189792256,47448064,float,1052600,180.31,1049700,180.80
190840832,47710208,float,1057600,180.45,1058100,180.37
191889408,47972352,float,1058800,181.24,1060800,180.89
192937984,48234496,float,1060900,181.86,1059600,182.09
193986560,48496640,float,1070100,181.29,1072200,180.92
195035136,48758784,float,1072900,181.78,1072600,181.83
196083712,49020928,float,1084800,180.76,1081600,181.29
197132288,49283072,float,1088000,181.18,1088800,181.05
198180864,49545216,float,1094000,181.15,1091800,181.51
199229440,49807360,float,1091200,182.59,1094300,182.07
200278016,50069504,float,1104700,181.30,1104000,181.41
201326592,50331648,float,1104700,182.24,1103400,182.47
202375168,50593792,float,1132800,178.65,1131900,178.79
203423744,50855936,float,1140600,178.34,1139300,178.55
204472320,51118080,float,1140500,179.29,1140200,179.32
205520896,51380224,float,1147700,179.07,1144800,179.53
206569472,51642368,float,1150500,179.55,1149200,179.75
207618048,51904512,float,1151800,180.26,1149400,180.64
208666624,52166656,float,1161900,179.60,1159900,179.90
209715200,52428800,float,1168500,179.47,1165600,179.92
210763776,52690944,float,1170000,180.15,1172300,179.78
211812352,52953088,float,1175800,180.15,1172400,180.66
212860928,53215232,float,1182400,180.02,1181000,180.24
213909504,53477376,float,1184000,180.67,1181400,181.07
214958080,53739520,float,1191200,180.46,1193200,180.15
216006656,54001664,float,1196800,180.49,1196200,180.57
217055232,54263808,float,1200100,180.86,1200300,180.83
218103808,54525952,float,1206000,180.85,1204900,181.01
219152384,54788096,float,1211500,180.89,1211400,180.91
220200960,55050240,float,1213600,181.45,1211500,181.76
221249536,55312384,float,1224800,180.64,1223000,180.91
222298112,55574528,float,1230600,180.64,1226900,181.18
223346688,55836672,float,1233400,181.08,1233800,181.02
224395264,56098816,float,1240100,180.95,1236500,181.47
225443840,56360960,float,1241900,181.53,1241800,181.54
226492416,56623104,float,1248100,181.46,1242700,182.26
227540992,56885248,float,1254600,181.37,1254800,181.33
228589568,57147392,float,1262300,181.09,1261500,181.20
229638144,57409536,float,1262900,181.84,1263100,181.80
230686720,57671680,float,1267000,182.07,1266500,182.14
231735296,57933824,float,1274700,181.79,1276600,181.53
232783872,58195968,float,1278300,182.10,1273800,182.75
233832448,58458112,float,1286000,181.83,1287300,181.65
234881024,58720256,float,1292700,181.70,1295900,181.25
235929600,58982400,float,1296900,181.92,1295000,182.18
236978176,59244544,float,1299500,182.36,1302500,181.94
238026752,59506688,float,1309100,181.83,1306900,182.13
239075328,59768832,float,1308900,182.65,1305200,183.17
240123904,60030976,float,1321200,181.75,1316600,182.38
241172480,60293120,float,1324900,182.03,1322700,182.33
242221056,60555264,float,1327100,182.52,1328400,182.34
243269632,60817408,float,1332400,182.58,1330000,182.91
244318208,61079552,float,1337700,182.64,1338800,182.50
245366784,61341696,float,1339800,183.14,1336200,183.63
246415360,61603840,float,1348600,182.72,1348300,182.76
247463936,61865984,float,1353900,182.78,1355600,182.55
248512512,62128128,float,1360100,182.71,1359500,182.80
249561088,62390272,float,1363900,182.97,1361100,183.35
250609664,62652416,float,1369700,182.96,1369500,183.00
251658240,62914560,float,1369500,183.77,1374300,183.12
252706816,63176704,float,1383300,182.68,1383800,182.62
253755392,63438848,float,1388200,182.80,1389600,182.60
254803968,63700992,float,1390100,183.29,1389100,183.44
255852544,63963136,float,1394900,183.42,1394200,183.52
256901120,64225280,float,1401600,183.29,1403000,183.11
257949696,64487424,float,1402300,183.95,1401600,184.03
258998272,64749568,float,1413800,183.19,1415900,182.92
260046848,65011712,float,1418200,183.36,1420200,183.11
261095424,65273856,float,1421600,183.67,1422100,183.59
262144000,65536000,float,1422200,184.32,1423900,184.11
263192576,65798144,float,1432100,183.78,1432000,183.80
264241152,66060288,float,1435400,184.09,1434200,184.24
265289728,66322432,float,1447600,183.26,1446500,183.41
266338304,66584576,float,1450300,183.64,1449400,183.76
267386880,66846720,float,1451400,184.23,1452200,184.12
268435456,67108864,float,1455800,184.39,1454400,184.57
269484032,67371008,float,1464200,184.05,1465200,183.92
270532608,67633152,float,1463400,184.87,1466400,184.49
271581184,67895296,float,1476400,183.95,1476400,183.95
272629760,68157440,float,1483000,183.84,1485400,183.54
273678336,68419584,float,1487400,183.99,1485000,184.29
274726912,68681728,float,1492600,184.06,1488200,184.61
275775488,68943872,float,1498700,184.01,1499300,183.94
276824064,69206016,float,1500700,184.46,1496400,184.99
277872640,69468160,float,1510600,183.94,1504100,184.74
278921216,69730304,float,1515100,184.10,1517400,183.82
279969792,69992448,float,1516100,184.67,1517000,184.55
281018368,70254592,float,1523900,184.41,1518400,185.08
282066944,70516736,float,1527600,184.65,1530000,184.36
283115520,70778880,float,1527800,185.31,1529200,185.13
284164096,71041024,float,1539300,184.61,1539900,184.53
285212672,71303168,float,1548800,184.15,1544700,184.64
286261248,71565312,float,1551600,184.50,1548900,184.81
287309824,71827456,float,1550600,185.29,1551100,185.23
288358400,72089600,float,1561100,184.72,1561800,184.63
289406976,72351744,float,1559200,185.62,1562200,185.26
290455552,72613888,float,1574000,184.54,1571500,184.82
291504128,72876032,float,1581300,184.34,1576500,184.90
292552704,73138176,float,1583900,184.70,1578300,185.36
293601280,73400320,float,1583400,185.43,1580100,185.81
294649856,73662464,float,1589700,185.35,1590100,185.31
295698432,73924608,float,1588200,186.18,1592500,185.69
296747008,74186752,float,1602600,185.17,1600600,185.39
297795584,74448896,float,1608600,185.13,1609000,185.08
298844160,74711040,float,1614200,185.14,1612200,185.37
299892736,74973184,float,1614600,185.74,1614000,185.81
300941312,75235328,float,1623200,185.40,1623900,185.32
301989888,75497472,float,1622800,186.09,1625300,185.81
303038464,75759616,float,1655200,183.08,1657100,182.87
304087040,76021760,float,1661500,183.02,1660100,183.17
305135616,76283904,float,1660300,183.78,1663300,183.45
306184192,76546048,float,1668300,183.54,1668000,183.56
307232768,76808192,float,1673100,183.63,1674100,183.52
308281344,77070336,float,1674500,184.11,1670800,184.51
309329920,77332480,float,1687400,183.32,1680800,184.04
310378496,77594624,float,1689000,183.76,1688200,183.85
311427072,77856768,float,1692500,184.00,1692100,184.04
312475648,78118912,float,1698700,183.95,1696000,184.25
313524224,78381056,float,1704900,183.90,1704400,183.95
314572800,78643200,float,1703600,184.65,1699200,185.13
315621376,78905344,float,1713000,184.25,1711400,184.43
316669952,79167488,float,1716100,184.53,1719000,184.22
317718528,79429632,float,1720000,184.72,1718900,184.84
318767104,79691776,float,1725200,184.77,1722900,185.02
319815680,79953920,float,1731100,184.74,1730500,184.81
320864256,80216064,float,1732600,185.19,1732500,185.20
321912832,80478208,float,1742700,184.72,1742600,184.73
322961408,80740352,float,1752900,184.25,1745200,185.05
324009984,81002496,float,1750800,185.06,1749800,185.17
325058560,81264640,float,1754500,185.27,1753500,185.38
326107136,81526784,float,1760900,185.19,1760400,185.25
327155712,81788928,float,1762700,185.60,1764800,185.38
328204288,82051072,float,1775700,184.84,1772900,185.13
329252864,82313216,float,1778600,185.12,1779500,185.03
330301440,82575360,float,1782400,185.31,1780100,185.55
331350016,82837504,float,1786000,185.53,1783300,185.81
332398592,83099648,float,1791200,185.57,1789800,185.72
333447168,83361792,float,1793800,185.88,1794000,185.87
334495744,83623936,float,1807800,185.03,1803100,185.51
335544320,83886080,float,1811700,185.21,1809000,185.48
336592896,84148224,float,1812500,185.70,1813900,185.56
337641472,84410368,float,1816700,185.86,1816900,185.83
338690048,84672512,float,1826500,185.43,1824300,185.66
339738624,84934656,float,1825900,186.07,1826400,186.02
340787200,85196800,float,1838900,185.32,1836600,185.55
341835776,85458944,float,1844800,185.29,1840800,185.70
342884352,85721088,float,1843400,186.01,1840900,186.26
343932928,85983232,float,1847300,186.18,1847000,186.21
344981504,86245376,float,1858100,185.66,1853600,186.11
346030080,86507520,float,1858700,186.16,1859300,186.10
347078656,86769664,float,1868200,185.79,1866600,185.94
348127232,87031808,float,1875000,185.67,1873400,185.82
349175808,87293952,float,1877500,185.98,1880400,185.69
350224384,87556096,float,1879500,186.34,1878300,186.46
351272960,87818240,float,1886500,186.21,1887500,186.11
352321536,88080384,float,1888900,186.52,1887100,186.70
353370112,88342528,float,1899000,186.08,1896000,186.37
354418688,88604672,float,1906500,185.90,1906600,185.89
355467264,88866816,float,1906200,186.48,1904900,186.60
356515840,89128960,float,1910000,186.66,1909400,186.71
357564416,89391104,float,1918700,186.36,1919200,186.31
358612992,89653248,float,1922200,186.56,1919700,186.80
359661568,89915392,float,1932900,186.07,1928400,186.51
360710144,90177536,float,1934400,186.47,1935900,186.32
361758720,90439680,float,1941300,186.34,1940600,186.41
362807296,90701824,float,1941500,186.87,1939800,187.03
363855872,90963968,float,1949700,186.62,1949400,186.65
364904448,91226112,float,1949600,187.17,1953600,186.79
365953024,91488256,float,1963000,186.42,1960800,186.64
367001600,91750400,float,1969800,186.31,1967100,186.57
368050176,92012544,float,1973000,186.54,1971200,186.72
369098752,92274688,float,1974000,186.98,1973400,187.04
370147328,92536832,float,1984000,186.57,1982700,186.69
371195904,92798976,float,1979900,187.48,1980100,187.47
372244480,93061120,float,1992600,186.81,1992900,186.78
373293056,93323264,float,1997200,186.91,2000200,186.63
374341632,93585408,float,2002900,186.90,2003800,186.81
375390208,93847552,float,2006100,187.13,2006000,187.13
376438784,94109696,float,2011000,187.19,2012500,187.05
377487360,94371840,float,2011900,187.63,2013000,187.53
378535936,94633984,float,2024600,186.97,2028200,186.64
379584512,94896128,float,2028800,187.10,2031000,186.89
380633088,95158272,float,2032300,187.29,2032900,187.24
381681664,95420416,float,2036700,187.40,2035100,187.55
382730240,95682560,float,2045000,187.15,2047800,186.90
383778816,95944704,float,2044400,187.72,2041600,187.98
384827392,96206848,float,2056800,187.10,2054000,187.36
385875968,96468992,float,2060000,187.32,2062300,187.11
386924544,96731136,float,2067300,187.16,2059800,187.84
387973120,96993280,float,2071500,187.29,2069500,187.47
389021696,97255424,float,2076199,187.37,2073400,187.62
390070272,97517568,float,2078300,187.69,2079100,187.61
391118848,97779712,float,2090300,187.11,2084900,187.59
392167424,98041856,float,2094199,187.26,2097600,186.96
393216000,98304000,float,2097800,187.44,2096100,187.59
394264576,98566144,float,2097500,187.97,2095300,188.17
395313152,98828288,float,2108300,187.51,2109300,187.42
396361728,99090432,float,2105800,188.22,2111600,187.71
397410304,99352576,float,2119000,187.55,2115700,187.84
398458880,99614720,float,2127300,187.31,2122900,187.70
399507456,99876864,float,2127600,187.78,2123300,188.16
400556032,100139008,float,2128200,188.21,2129500,188.10
401604608,100401152,float,2137200,187.91,2137600,187.88
402653184,100663296,float,2142900,187.90,2140100,188.14
403701760,100925440,float,2170900,185.96,2171200,185.93
404750336,101187584,float,2174900,186.10,2174300,186.15
405798912,101449728,float,2178600,186.26,2176700,186.43
406847488,101711872,float,2178900,186.72,2178400,186.76
407896064,101974016,float,2188600,186.38,2192200,186.07
408944640,102236160,float,2192100,186.55,2190900,186.65
409993216,102498304,float,2200600,186.31,2200200,186.34
411041792,102760448,float,2202300,186.64,2206400,186.30
412090368,103022592,float,2208300,186.61,2203900,186.98
413138944,103284736,float,2207800,187.13,2209800,186.95
414187520,103546880,float,2216200,186.89,2217600,186.77
415236096,103809024,float,2218400,187.18,2217100,187.29
416284672,104071168,float,2230100,186.66,2226700,186.95
417333248,104333312,float,2230100,187.14,2232500,186.94
418381824,104595456,float,2236800,187.05,2236100,187.11
419430400,104857600,float,2239900,187.25,2244300,186.89
420478976,105119744,float,2247000,187.13,2249600,186.91
421527552,105381888,float,2247300,187.57,2245400,187.73
422576128,105644032,float,2258900,187.07,2256900,187.24
423624704,105906176,float,2266300,186.92,2260000,187.45
424673280,106168320,float,2265900,187.42,2258500,188.04
425721856,106430464,float,2269600,187.57,2271700,187.40
426770432,106692608,float,2277800,187.36,2277100,187.41
427819008,106954752,float,2281000,187.56,2278500,187.76
428867584,107216896,float,2289400,187.33,2291600,187.15
429916160,107479040,float,2293800,187.42,2290800,187.67
430964736,107741184,float,2293300,187.92,2294800,187.80
432013312,108003328,float,2303700,187.53,2301400,187.71
433061888,108265472,float,2303800,187.98,2308000,187.64
434110464,108527616,float,2309500,187.97,2309100,188.00
435159040,108789760,float,2320000,187.57,2322400,187.37
436207616,109051904,float,2328000,187.37,2325800,187.55
437256192,109314048,float,2327100,187.90,2322100,188.30
438304768,109576192,float,2331100,188.02,2326100,188.43
439353344,109838336,float,2338500,187.88,2337200,187.99
440401920,110100480,float,2335700,188.55,2337900,188.37
441450496,110362624,float,2353000,187.61,2349200,187.91
442499072,110624768,float,2357800,187.68,2354700,187.92
443547648,110886912,float,2356500,188.23,2354900,188.35
444596224,111149056,float,2359300,188.44,2360700,188.34
445644800,111411200,float,2367000,188.28,2370500,188.00
446693376,111673344,float,2377100,187.91,2368500,188.59
447741952,111935488,float,2377800,188.30,2378900,188.22
448790528,112197632,float,2388000,187.94,2384700,188.20
449839104,112459776,float,2392700,188.00,2387300,188.43
450887680,112721920,float,2387800,188.83,2391800,188.51
451936256,112984064,float,2397700,188.49,2395800,188.64
452984832,113246208,float,2404900,188.36,2405400,188.32
454033408,113508352,float,2413000,188.16,2408200,188.53
455081984,113770496,float,2413300,188.57,2419600,188.08
456130560,114032640,float,2424100,188.17,2421000,188.41
457179136,114294784,float,2421000,188.84,2423900,188.61
458227712,114556928,float,2427700,188.75,2433800,188.27
459276288,114819072,float,2432900,188.78,2430300,188.98
460324864,115081216,float,2446200,188.18,2443600,188.38
461373440,115343360,float,2453300,188.06,2448500,188.43
462422016,115605504,float,2449900,188.75,2447900,188.90
463470592,115867648,float,2455400,188.76,2455600,188.74
464519168,116129792,float,2459700,188.86,2464400,188.49
465567744,116391936,float,2466700,188.74,2466300,188.77
466616320,116654080,float,2469300,188.96,2476600,188.41
467664896,116916224,float,2476300,188.86,2475000,188.96
468713472,117178368,float,2482100,188.83,2479300,189.05
469762048,117440512,float,2483500,189.16,2482900,189.20
470810624,117702656,float,2495800,188.64,2491600,188.96
471859200,117964800,float,2495800,189.06,2491600,189.38
472907776,118226944,float,2507500,188.60,2508700,188.51
473956352,118489088,float,2507500,189.02,2507700,189.00
475004928,118751232,float,2515400,188.84,2520000,188.50
476053504,119013376,float,2519300,188.96,2515700,189.23
477102080,119275520,float,2530200,188.56,2523700,189.05
478150656,119537664,float,2519300,189.80,2529000,189.07
479199232,119799808,float,2536700,188.91,2534700,189.05
480247808,120061952,float,2541900,188.93,2540300,189.05
481296384,120324096,float,2546000,189.04,2551500,188.63
482344960,120586240,float,2549100,189.22,2549300,189.20
483393536,120848384,float,2556000,189.12,2555000,189.20
484442112,121110528,float,2559900,189.25,2554400,189.65
485490688,121372672,float,2569600,188.94,2564600,189.31
486539264,121634816,float,2568500,189.42,2571300,189.22
487587840,121896960,float,2575300,189.33,2572400,189.55
488636416,122159104,float,2584400,189.07,2576400,189.66
489684992,122421248,float,2587400,189.26,2588800,189.16
490733568,122683392,float,2588700,189.57,2584000,189.91
491782144,122945536,float,2602600,188.96,2596800,189.38
492830720,123207680,float,2604200,189.24,2601200,189.47
493879296,123469824,float,2610900,189.16,2603000,189.74
494927872,123731968,float,2606900,189.85,2610300,189.60
495976448,123994112,float,2618600,189.40,2618200,189.43
497025024,124256256,float,2621200,189.62,2620800,189.64
498073600,124518400,float,2623400,189.85,2622300,189.94
499122176,124780544,float,2634000,189.49,2635500,189.38
500170752,125042688,float,2637500,189.64,2637400,189.65
501219328,125304832,float,2639900,189.87,2644500,189.54
502267904,125566976,float,2644600,189.93,2651000,189.46
503316480,125829120,float,2649000,190.00,2645400,190.26
504365056,126091264,float,2682000,188.06,2680700,188.15
505413632,126353408,float,2683000,188.38,2687400,188.07
506462208,126615552,float,2683700,188.72,2691100,188.20
507510784,126877696,float,2690600,188.62,2694400,188.36
508559360,127139840,float,2696600,188.60,2700000,188.36
509607936,127401984,float,2699500,188.78,2698800,188.83
510656512,127664128,float,2707100,188.64,2710100,188.43
511705088,127926272,float,2714700,188.49,2713800,188.56
512753664,128188416,float,2716900,188.73,2717400,188.69
513802240,128450560,float,2714500,189.28,2720700,188.85
514850816,128712704,float,2726800,188.81,2727200,188.79
515899392,128974848,float,2730500,188.94,2726400,189.22
516947968,129236992,float,2740900,188.60,2745700,188.28
517996544,129499136,float,2742900,188.85,2746800,188.58
519045120,129761280,float,2745900,189.03,2747000,188.95
520093696,130023424,float,2750400,189.10,2750300,189.10
521142272,130285568,float,2752600,189.33,2752200,189.35
522190848,130547712,float,2758600,189.29,2754300,189.59
523239424,130809856,float,2770000,188.89,2770000,188.89
524288000,131072000,float,2770900,189.21,2775400,188.91
525336576,131334144,float,2775000,189.31,2772500,189.48
526385152,131596288,float,2780700,189.30,2776800,189.57
527433728,131858432,float,2785900,189.32,2785200,189.37
528482304,132120576,float,2791900,189.29,2786400,189.67
529530880,132382720,float,2794800,189.47,2798200,189.24
530579456,132644864,float,2802300,189.34,2802100,189.35
531628032,132907008,float,2800800,189.81,2805400,189.50
532676608,133169152,float,2808100,189.70,2809900,189.57
533725184,133431296,float,2814100,189.66,2818600,189.36
534773760,133693440,float,2812900,190.12,2816000,189.90
535822336,133955584,float,2829300,189.38,2825000,189.67
536870912,134217728,float,2838400,189.15,2833400,189.48
537919488,134479872,float,2835200,189.73,2838000,189.54
538968064,134742016,float,2838400,189.88,2835200,190.10
540016640,135004160,float,2842800,189.96,2845500,189.78
541065216,135266304,float,2850800,189.79,2847900,189.99
542113792,135528448,float,2856900,189.75,2861500,189.45
543162368,135790592,float,2858800,189.99,2862300,189.76
544210944,136052736,float,2867800,189.76,2861500,190.18
545259520,136314880,float,2870800,189.94,2865500,190.29
546308096,136577024,float,2877100,189.88,2879000,189.75
547356672,136839168,float,2881300,189.97,2873600,190.48
548405248,137101312,float,2886100,190.02,2884500,190.12
549453824,137363456,float,2897900,189.61,2896700,189.68
550502400,137625600,float,2900400,189.80,2896300,190.07
551550976,137887744,float,2892600,190.68,2900600,190.15
552599552,138149888,float,2907500,190.06,2910500,189.87
553648128,138412032,float,2903700,190.67,2908400,190.36
554696704,138674176,float,2914300,190.34,2916600,190.19
555745280,138936320,float,2922900,190.13,2925700,189.95
556793856,139198464,float,2925600,190.32,2923100,190.48
557842432,139460608,float,2927900,190.53,2929400,190.43
558891008,139722752,float,2940800,190.04,2941800,189.99
559939584,139984896,float,2938000,190.59,2938700,190.54
560988160,140247040,float,2954400,189.88,2946900,190.37
562036736,140509184,float,2954200,190.25,2946800,190.73
563085312,140771328,float,2954400,190.59,2953200,190.67
564133888,141033472,float,2958100,190.71,2964900,190.27
565182464,141295616,float,2967500,190.46,2967800,190.44
566231040,141557760,float,2972300,190.50,2972200,190.51
567279616,141819904,float,2983900,190.11,2981200,190.29
568328192,142082048,float,2990700,190.03,2982000,190.58
569376768,142344192,float,2984700,190.76,2991100,190.36
570425344,142606336,float,2994300,190.51,2990200,190.77
571473920,142868480,float,2998900,190.56,3008000,189.98
572522496,143130624,float,2998800,190.92,3004500,190.55
573571072,143392768,float,3011200,190.48,3014900,190.25
574619648,143654912,float,3015800,190.54,3014900,190.59
575668224,143917056,float,3018200,190.73,3020300,190.60
576716800,144179200,float,3022600,190.80,3017300,191.14
577765376,144441344,float,3030300,190.66,3031900,190.56
578813952,144703488,float,3031900,190.91,3034000,190.78
579862528,144965632,float,3047800,190.26,3036600,190.96
580911104,145227776,float,3044300,190.82,3042500,190.93
581959680,145489920,float,3050600,190.77,3048900,190.88
583008256,145752064,float,3047500,191.31,3048400,191.25
584056832,146014208,float,3062700,190.70,3058100,190.99
585105408,146276352,float,3067500,190.74,3064300,190.94
586153984,146538496,float,3070700,190.88,3071200,190.86
587202560,146800640,float,3081800,190.54,3082700,190.49
588251136,147062784,float,3088900,190.44,3085800,190.63
589299712,147324928,float,3087500,190.87,3083200,191.13
590348288,147587072,float,3088600,191.14,3086100,191.29
591396864,147849216,float,3089100,191.44,3093500,191.18
592445440,148111360,float,3106900,190.69,3102900,190.93
593494016,148373504,float,3100000,191.45,3106600,191.05
594542592,148635648,float,3118700,190.64,3118200,190.67
595591168,148897792,float,3117900,191.02,3114800,191.21
596639744,149159936,float,3126900,190.81,3123800,191.00
597688320,149422080,float,3126800,191.15,3123400,191.36
598736896,149684224,float,3132700,191.13,3132200,191.15
599785472,149946368,float,3137300,191.18,3142200,190.88
600834048,150208512,float,3145400,191.02,3140000,191.35
601882624,150470656,float,3148900,191.14,3139100,191.74
602931200,150732800,float,3156200,191.03,3148900,191.47
603979776,150994944,float,3158200,191.24,3154500,191.47
605028352,151257088,float,3186100,189.90,3184700,189.98
606076928,151519232,float,3189500,190.02,3199600,189.42
607125504,151781376,float,3199500,189.76,3190800,190.28
608174080,152043520,float,3202500,189.91,3200000,190.05
609222656,152305664,float,3201900,190.27,3201000,190.32
610271232,152567808,float,3198500,190.80,3205200,190.40
611319808,152829952,float,3217200,190.02,3210700,190.40
612368384,153092096,float,3221200,190.11,3220900,190.13
613416960,153354240,float,3222400,190.36,3219100,190.56
614465536,153616384,float,3229300,190.28,3223600,190.61
615514112,153878528,float,3236100,190.20,3239200,190.02
616562688,154140672,float,3242300,190.16,3233700,190.67
617611264,154402816,float,3246300,190.25,3240800,190.57
618659840,154664960,float,3255400,190.04,3241800,190.84
619708416,154927104,float,3246700,190.87,3256200,190.32
620756992,155189248,float,3254700,190.72,3250700,190.96
621805568,155451392,float,3261700,190.64,3253400,191.12
622854144,155713536,float,3264600,190.79,3265600,190.73
623902720,155975680,float,3277100,190.38,3274100,190.55
624951296,156237824,float,3274100,190.88,3278900,190.60
625999872,156499968,float,3282400,190.71,3289400,190.31
627048448,156762112,float,3291400,190.51,3278600,191.26
628097024,157024256,float,3293300,190.72,3292600,190.76
629145600,157286400,float,3289000,191.29,3287600,191.37
630194176,157548544,float,3307500,190.53,3295500,191.23
631242752,157810688,float,3311600,190.62,3309300,190.75
632291328,158072832,float,3311200,190.96,3311400,190.94
633339904,158334976,float,3319500,190.79,3307700,191.48
634388480,158597120,float,3318200,191.19,3323900,190.86
635437056,158859264,float,3329000,190.88,3328500,190.91
636485632,159121408,float,3333900,190.91,3336800,190.75
637534208,159383552,float,3338300,190.98,3333100,191.27
638582784,159645696,float,3334300,191.52,3341300,191.12
639631360,159907840,float,3342300,191.38,3343900,191.29
640679936,160169984,float,3347100,191.41,3348900,191.31
641728512,160432128,float,3347600,191.70,3350100,191.56
642777088,160694272,float,3359000,191.36,3358300,191.40
643825664,160956416,float,3368100,191.15,3368100,191.15
644874240,161218560,float,3372700,191.20,3373000,191.19
645922816,161480704,float,3375500,191.36,3368800,191.74
646971392,161742848,float,3372800,191.82,3380400,191.39
648019968,162004992,float,3378500,191.81,3385700,191.40
649068544,162267136,float,3385700,191.71,3387400,191.61
650117120,162529280,float,3392900,191.61,3394100,191.54
651165696,162791424,float,3400500,191.49,3399600,191.54
652214272,163053568,float,3400700,191.79,3402000,191.72
653262848,163315712,float,3407800,191.70,3411500,191.49
654311424,163577856,float,3415800,191.55,3404900,192.17
655360000,163840000,float,3415200,191.90,3428200,191.17
656408576,164102144,float,3419800,191.94,3423600,191.73
657457152,164364288,float,3431900,191.57,3418100,192.34
658505728,164626432,float,3424100,192.31,3437500,191.56
659554304,164888576,float,3435300,192.00,3440600,191.70
660602880,165150720,float,3441800,191.93,3435500,192.29
661651456,165412864,float,3447600,191.92,3457700,191.36
662700032,165675008,float,3453000,191.92,3449800,192.10
663748608,165937152,float,3465200,191.55,3458900,191.90
664797184,166199296,float,3471200,191.52,3462200,192.01
665845760,166461440,float,3471800,191.79,3469200,191.93
666894336,166723584,float,3475700,191.87,3466700,192.37
667942912,166985728,float,3489500,191.42,3486500,191.58
668991488,167247872,float,3483000,192.07,3483200,192.06
670040064,167510016,float,3487800,192.11,3484400,192.30
671088640,167772160,float,3491500,192.21,3489500,192.32
672137216,168034304,float,3510600,191.46,3498700,192.11
673185792,168296448,float,3494100,192.66,3497000,192.50
674234368,168558592,float,3508600,192.17,3511100,192.03
675282944,168820736,float,3515400,192.09,3517600,191.97
676331520,169082880,float,3515300,192.40,3514000,192.47
677380096,169345024,float,3524700,192.18,3528900,191.95
678428672,169607168,float,3535300,191.90,3530900,192.14
679477248,169869312,float,3532100,192.37,3531200,192.42
680525824,170131456,float,3544700,191.98,3545000,191.97
681574400,170393600,float,3550500,191.97,3551100,191.94
682622976,170655744,float,3554300,192.05,3555100,192.01
683671552,170917888,float,3547600,192.71,3558100,192.15
684720128,171180032,float,3561300,192.27,3553800,192.67
685768704,171442176,float,3561400,192.55,3564800,192.37
686817280,171704320,float,3572700,192.24,3569100,192.44
687865856,171966464,float,3575900,192.36,3573800,192.48
688914432,172228608,float,3582600,192.29,3584200,192.21
689963008,172490752,float,3580600,192.69,3586800,192.36
691011584,172752896,float,3591100,192.42,3593100,192.32
692060160,173015040,float,3594100,192.56,3597100,192.39
693108736,173277184,float,3604400,192.30,3603500,192.34
694157312,173539328,float,3607700,192.41,3604900,192.56
695205888,173801472,float,3610600,192.55,3606900,192.74
696254464,174063616,float,3617700,192.46,3614300,192.64
697303040,174325760,float,3624600,192.38,3620200,192.61
698351616,174587904,float,3623300,192.74,3621200,192.85
699400192,174850048,float,3627800,192.79,3632800,192.52
700448768,175112192,float,3636900,192.60,3638800,192.50
701497344,175374336,float,3647400,192.33,3654900,191.93
702545920,175636480,float,3645200,192.73,3648300,192.57
703594496,175898624,float,3658600,192.31,3650000,192.77
704643072,176160768,float,3662800,192.38,3652000,192.94
705691648,176422912,float,3678200,191.86,3675800,191.98
706740224,176685056,float,3689000,191.58,3691400,191.45
707788800,176947200,float,3691100,191.76,3692400,191.69
708837376,177209344,float,3703100,191.42,3688000,192.20
709885952,177471488,float,3703900,191.66,3697700,191.98
710934528,177733632,float,3710100,191.62,3704500,191.91
711983104,177995776,float,3718300,191.48,3717100,191.54
713031680,178257920,float,3721400,191.60,3719700,191.69
714080256,178520064,float,3725900,191.65,3719500,191.98
715128832,178782208,float,3720600,192.21,3717900,192.35
716177408,179044352,float,3726000,192.21,3729300,192.04
717225984,179306496,float,3734300,192.06,3729500,192.31
718274560,179568640,float,3738400,192.13,3743000,191.90
719323136,179830784,float,3749300,191.86,3751500,191.74
720371712,180092928,float,3746000,192.30,3759900,191.59
721420288,180355072,float,3761400,191.80,3759700,191.88
722468864,180617216,float,3761300,192.08,3750800,192.62
723517440,180879360,float,3760900,192.38,3757400,192.56
724566016,181141504,float,3771100,192.13,3766100,192.39
725614592,181403648,float,3778900,192.02,3773000,192.32
726663168,181665792,float,3777500,192.37,3775000,192.49
727711744,181927936,float,3780800,192.48,3771600,192.95
728760320,182190080,float,3792500,192.16,3792000,192.19
729808896,182452224,float,3788900,192.62,3797500,192.18
730857472,182714368,float,3807100,191.97,3791600,192.76
731906048,182976512,float,3807300,192.24,3804600,192.38
732954624,183238656,float,3813500,192.20,3814600,192.14
734003200,183500800,float,3813900,192.46,3814400,192.43
735051776,183762944,float,3824900,192.17,3816400,192.61
736100352,184025088,float,3829300,192.23,3813700,193.02
737148928,184287232,float,3832200,192.36,3826700,192.63
738197504,184549376,float,3829200,192.78,3838600,192.31
739246080,184811520,float,3838100,192.61,3832000,192.91
740294656,185073664,float,3838700,192.85,3835500,193.01
741343232,185335808,float,3850800,192.52,3848900,192.61
742391808,185597952,float,3853600,192.65,3849700,192.84
743440384,185860096,float,3856500,192.77,3850200,193.09
744488960,186122240,float,3863500,192.70,3868300,192.46
745537536,186384384,float,3865500,192.87,3869700,192.66
746586112,186646528,float,3870200,192.91,3868600,192.99
747634688,186908672,float,3872400,193.07,3872700,193.05
748683264,187170816,float,3877500,193.08,3869700,193.47
749731840,187432960,float,3878500,193.30,3879800,193.24
750780416,187695104,float,3886700,193.16,3897600,192.63
751828992,187957248,float,3899200,192.82,3899400,192.80
752877568,188219392,float,3893500,193.37,3899200,193.08
753926144,188481536,float,3902000,193.22,3909200,192.86
754974720,188743680,float,3905700,193.30,3904200,193.37
756023296,189005824,float,3915600,193.08,3912700,193.22
757071872,189267968,float,3920500,193.11,3928600,192.71
758120448,189530112,float,3928400,192.99,3922200,193.29
759169024,189792256,float,3925600,193.39,3936200,192.87
760217600,190054400,float,3927200,193.58,3940000,192.95
761266176,190316544,float,3941400,193.15,3933800,193.52
762314752,190578688,float,3954000,192.80,3953100,192.84
763363328,190840832,float,3940300,193.73,3954500,193.03
764411904,191102976,float,3952600,193.39,3965200,192.78
765460480,191365120,float,3954000,193.59,3949800,193.79
766509056,191627264,float,3962500,193.44,3958600,193.63
767557632,191889408,float,3965300,193.57,3972000,193.24
768606208,192151552,float,3979400,193.15,3980200,193.11
769654784,192413696,float,3988700,192.96,3986600,193.06
770703360,192675840,float,3983600,193.47,3989100,193.20
771751936,192937984,float,3995100,193.18,3985700,193.63
772800512,193200128,float,3992800,193.55,3995900,193.40
773849088,193462272,float,3990900,193.90,3994900,193.71
774897664,193724416,float,3999900,193.73,4006500,193.41
775946240,193986560,float,4010800,193.46,4008500,193.58
776994816,194248704,float,4011400,193.70,4019100,193.33
778043392,194510848,float,4021300,193.48,4010200,194.02
779091968,194772992,float,4032700,193.20,4021400,193.74
780140544,195035136,float,4037400,193.23,4024000,193.87
781189120,195297280,float,4044500,193.15,4032700,193.71
782237696,195559424,float,4040800,193.58,4049000,193.19
783286272,195821568,float,4050900,193.36,4040700,193.85
784334848,196083712,float,4056800,193.34,4040500,194.12
785383424,196345856,float,4051100,193.87,4059400,193.47
786432000,196608000,float,4051200,194.12,4053800,194.00
787480576,196870144,float,4070200,193.48,4068200,193.57
788529152,197132288,float,4071700,193.66,4067900,193.84
789577728,197394432,float,4084400,193.31,4079600,193.54
790626304,197656576,float,4078300,193.86,4085400,193.53
791674880,197918720,float,4086000,193.75,4094700,193.34
792723456,198180864,float,4085200,194.05,4097000,193.49
793772032,198443008,float,4105200,193.36,4092600,193.95
794820608,198705152,float,4103200,193.71,4109100,193.43
795869184,198967296,float,4095300,194.34,4103899,193.93
796917760,199229440,float,4109200,193.94,4111000,193.85
797966336,199491584,float,4122200,193.58,4125000,193.45
799014912,199753728,float,4116500,194.10,4112800,194.27
800063488,200015872,float,4132600,193.60,4128600,193.78
801112064,200278016,float,4136200,193.68,4135899,193.70
802160640,200540160,float,4135200,193.98,4139700,193.77
803209216,200802304,float,4142500,193.90,4138100,194.10
804257792,201064448,float,4146300,193.97,4144500,194.06
805306368,201326592,float,4151000,194.00,4146500,194.21
806354944,201588736,float,4168300,193.45,4178200,192.99
807403520,201850880,float,4179200,193.19,4181300,193.10
808452096,202113024,float,4186399,193.11,4196500,192.65
809500672,202375168,float,4193000,193.06,4194100,193.01
810549248,202637312,float,4189300,193.48,4203500,192.83
811597824,202899456,float,4200500,193.21,4201800,193.15
812646400,203161600,float,4214500,192.82,4206900,193.17
813694976,203423744,float,4220400,192.80,4215300,193.03
814743552,203685888,float,4216200,193.24,4210500,193.50
815792128,203948032,float,4225200,193.08,4225900,193.05
816840704,204210176,float,4225200,193.33,4226800,193.25
817889280,204472320,float,4232200,193.25,4240100,192.89
818937856,204734464,float,4237400,193.26,4240400,193.13
819986432,204996608,float,4253900,192.76,4256400,192.65
821035008,205258752,float,4246100,193.36,4252200,193.08
822083584,205520896,float,4258400,193.05,4256000,193.16
823132160,205783040,float,4257700,193.33,4259800,193.23
824180736,206045184,float,4265600,193.22,4259800,193.48
825229312,206307328,float,4261600,193.64,4268600,193.33
826277888,206569472,float,4276300,193.22,4269700,193.52
827326464,206831616,float,4271900,193.67,4270100,193.75
828375040,207093760,float,4278100,193.63,4278600,193.61
829423616,207355904,float,4285600,193.54,4278000,193.88
830472192,207618048,float,4287900,193.68,4281100,193.99
831520768,207880192,float,4308100,193.01,4292700,193.71
832569344,208142336,float,4304700,193.41,4299500,193.64
833617920,208404480,float,4298500,193.93,4299900,193.87
834666496,208666624,float,4312500,193.55,4306000,193.84
835715072,208928768,float,4316800,193.60,4323800,193.28
836763648,209190912,float,4320300,193.68,4314900,193.93
837812224,209453056,float,4334600,193.28,4333600,193.33
838860800,209715200,float,4336700,193.43,4324700,193.97
839909376,209977344,float,4337100,193.66,4330500,193.95
840957952,210239488,float,4342900,193.64,4326000,194.40
842006528,210501632,float,4339700,194.03,4352200,193.47
843055104,210763776,float,4340800,194.22,4352000,193.72
844103680,211025920,float,4357300,193.72,4357600,193.71
845152256,211288064,float,4351800,194.21,4355200,194.05
846200832,211550208,float,4354800,194.31,4355100,194.30
847249408,211812352,float,4367900,193.97,4365900,194.06
848297984,212074496,float,4370500,194.10,4376000,193.85
849346560,212336640,float,4370500,194.33,4372800,194.23
850395136,212598784,float,4380200,194.15,4377400,194.27
851443712,212860928,float,4387200,194.07,4397000,193.64
852492288,213123072,float,4387300,194.31,4388900,194.24
853540864,213385216,float,4384500,194.67,4393300,194.28
854589440,213647360,float,4395600,194.42,4384100,194.93
855638016,213909504,float,4400100,194.46,4411600,193.95
856686592,214171648,float,4402800,194.58,4410000,194.26
857735168,214433792,float,4413700,194.33,4411800,194.42
858783744,214695936,float,4422100,194.20,4413000,194.60
859832320,214958080,float,4424400,194.34,4419400,194.56
860880896,215220224,float,4431900,194.25,4442800,193.77
861929472,215482368,float,4433600,194.41,4425200,194.78
862978048,215744512,float,4432000,194.72,4438800,194.42
864026624,216006656,float,4439300,194.63,4449600,194.18
865075200,216268800,float,4428800,195.33,4449000,194.44
866123776,216530944,float,4445300,194.84,4453600,194.48
867172352,216793088,float,4465400,194.20,4459900,194.44
868220928,217055232,float,4453100,194.97,4458200,194.75
869269504,217317376,float,4463700,194.74,4486200,193.77
870318080,217579520,float,4481100,194.22,4483400,194.12
871366656,217841664,float,4473100,194.80,4484900,194.29
872415232,218103808,float,4478400,194.80,4478200,194.82
873463808,218365952,float,4479900,194.97,4496500,194.26
874512384,218628096,float,4489500,194.79,4487000,194.90
875560960,218890240,float,4485900,195.18,4490800,194.97
876609536,219152384,float,4510200,194.36,4516200,194.10
877658112,219414528,float,4516500,194.32,4511900,194.52
878706688,219676672,float,4512000,194.75,4518600,194.46
879755264,219938816,float,4510700,195.04,4521600,194.57
880803840,220200960,float,4521400,194.81,4515100,195.08
881852416,220463104,float,4528000,194.75,4518200,195.18
882900992,220725248,float,4534300,194.72,4526400,195.06
883949568,220987392,float,4545400,194.47,4529500,195.16
884998144,221249536,float,4538000,195.02,4533700,195.20
886046720,221511680,float,4560200,194.30,4546700,194.88
887095296,221773824,float,4542400,195.29,4542500,195.29
888143872,222035968,float,4560600,194.74,4565600,194.53
889192448,222298112,float,4567900,194.66,4569900,194.58
890241024,222560256,float,4564600,195.03,4571600,194.73
891289600,222822400,float,4566900,195.16,4576200,194.77
892338176,223084544,float,4593700,194.25,4582800,194.71
893386752,223346688,float,4565700,195.67,4582700,194.95
894435328,223608832,float,4573200,195.58,4590500,194.85
895483904,223870976,float,4587700,195.19,4592800,194.98
896532480,224133120,float,4588300,195.39,4589500,195.35
897581056,224395264,float,4600000,195.12,4610600,194.68
898629632,224657408,float,4603100,195.22,4594400,195.59
899678208,224919552,float,4607400,195.27,4615100,194.94
900726784,225181696,float,4604300,195.63,4618300,195.03
901775360,225443840,float,4616200,195.35,4625600,194.95
902823936,225705984,float,4628300,195.07,4619400,195.44
903872512,225968128,float,4631300,195.17,4634800,195.02
904921088,226230272,float,4633900,195.28,4642400,194.92
905969664,226492416,float,4640800,195.22,4641800,195.18
907018240,226754560,float,4663700,194.48,4662700,194.53
908066816,227016704,float,4674500,194.26,4673400,194.31
909115392,227278848,float,4668700,194.73,4694600,193.65
910163968,227540992,float,4689900,194.07,4692900,193.94
911212544,227803136,float,4696600,194.02,4690800,194.26
912261120,228065280,float,4692500,194.41,4697100,194.22
913309696,228327424,float,4708100,193.99,4708900,193.95
914358272,228589568,float,4713400,193.99,4703000,194.42
915406848,228851712,float,4711400,194.30,4701800,194.69
916455424,229113856,float,4714200,194.40,4712400,194.48
917504000,229376000,float,4722200,194.30,4717900,194.47
918552576,229638144,float,4719700,194.62,4713400,194.88
919601152,229900288,float,4727700,194.52,4716800,194.96
920649728,230162432,float,4727400,194.75,4743600,194.08
921698304,230424576,float,4739400,194.48,4741000,194.41
922746880,230686720,float,4749200,194.30,4734900,194.88
923795456,230948864,float,4742000,194.81,4745800,194.65
924844032,231211008,float,4749700,194.72,4748500,194.76
925892608,231473152,float,4763400,194.38,4760200,194.51
926941184,231735296,float,4771600,194.26,4769000,194.37
927989760,231997440,float,4757300,195.06,4762500,194.85
929038336,232259584,float,4766600,194.91,4755200,195.37
930086912,232521728,float,4777000,194.70,4778000,194.66
931135488,232783872,float,4786100,194.55,4772200,195.11
932184064,233046016,float,4787200,194.72,4779900,195.02
933232640,233308160,float,4788700,194.88,4800100,194.42
934281216,233570304,float,4792100,194.96,4799400,194.66
935329792,233832448,float,4801700,194.79,4790100,195.26
936378368,234094592,float,4808200,194.75,4812500,194.57
937426944,234356736,float,4818700,194.54,4811300,194.84
938475520,234618880,float,4816700,194.84,4815900,194.87
939524096,234881024,float,4822700,194.81,4823100,194.80
940572672,235143168,float,4820900,195.10,4827300,194.84
941621248,235405312,float,4828100,195.03,4821200,195.31
942669824,235667456,float,4829200,195.20,4831100,195.12
943718400,235929600,float,4838400,195.05,4829200,195.42
944766976,236191744,float,4833100,195.48,4842700,195.09
945815552,236453888,float,4854800,194.82,4847300,195.12
946864128,236716032,float,4852800,195.12,4857500,194.93
947912704,236978176,float,4852600,195.34,4848200,195.52
948961280,237240320,float,4858800,195.31,4857800,195.35
950009856,237502464,float,4849200,195.91,4855800,195.65
951058432,237764608,float,4869500,195.31,4890000,194.49
952107008,238026752,float,4885400,194.89,4874900,195.31
953155584,238288896,float,4875800,195.49,4879700,195.33
954204160,238551040,float,4880200,195.53,4880600,195.51
955252736,238813184,float,4900700,194.92,4886700,195.48
956301312,239075328,float,4891200,195.51,4882800,195.85
957349888,239337472,float,4889200,195.81,4902500,195.28
958398464,239599616,float,4903400,195.45,4903800,195.44
959447040,239861760,float,4904800,195.61,4913200,195.28
960495616,240123904,float,4908800,195.67,4902900,195.90
961544192,240386048,float,4920800,195.40,4904200,196.06
962592768,240648192,float,4911000,196.01,4907100,196.16
963641344,240910336,float,4936300,195.21,4918400,195.93
964689920,241172480,float,4937300,195.39,4924200,195.91
965738496,241434624,float,4922900,196.17,4927100,196.00
966787072,241696768,float,4942600,195.60,4940600,195.68
967835648,241958912,float,4946600,195.66,4942500,195.82
968884224,242221056,float,4947300,195.84,4951200,195.69
969932800,242483200,float,4958600,195.60,4948200,196.02
970981376,242745344,float,4969800,195.38,4959100,195.80
972029952,243007488,float,4958400,196.04,4958400,196.04
973078528,243269632,float,4975300,195.58,4974100,195.63
974127104,243531776,float,4967600,196.09,4981100,195.56
975175680,243793920,float,4967800,196.30,4971800,196.14
976224256,244056064,float,4981600,195.97,4973700,196.28
977272832,244318208,float,4977200,196.35,5007300,195.17
978321408,244580352,float,4980400,196.44,4995100,195.86
979369984,244842496,float,4983100,196.54,4999600,195.89
980418560,245104640,float,5010200,195.68,5003900,195.93
981467136,245366784,float,5011800,195.83,5006200,196.05
982515712,245628928,float,5009700,196.12,5012300,196.02
983564288,245891072,float,5025900,195.70,5025800,195.70
984612864,246153216,float,5012200,196.44,5012600,196.43
985661440,246415360,float,5031200,195.91,5016600,196.48
986710016,246677504,float,5027500,196.26,5027900,196.25
987758592,246939648,float,5031400,196.32,5047400,195.70
988807168,247201792,float,5026600,196.72,5039300,196.22
989855744,247463936,float,5042200,196.31,5055000,195.82
990904320,247726080,float,5047700,196.31,5041100,196.56
991952896,247988224,float,5066200,195.80,5061900,195.96
993001472,248250368,float,5063400,196.11,5053300,196.50
994050048,248512512,float,5065700,196.23,5060800,196.42
995098624,248774656,float,5077800,195.97,5076200,196.03
996147200,249036800,float,5082300,196.00,5069700,196.49
997195776,249298944,float,5079700,196.31,5082600,196.20
998244352,249561088,float,5093700,195.97,5090400,196.10
999292928,249823232,float,5090900,196.29,5102300,195.85
1000341504,250085376,float,5096800,196.27,5089200,196.56
1001390080,250347520,float,5104200,196.19,5098400,196.41
1002438656,250609664,float,5114200,196.01,5116300,195.93
1003487232,250871808,float,5109100,196.41,5122900,195.88
1004535808,251133952,float,5101900,196.89,5115400,196.38
1005584384,251396096,float,5117500,196.50,5113900,196.64
1006632960,251658240,float,5125500,196.40,5128800,196.27
1007681536,251920384,float,5158100,195.36,5164900,195.10
1008730112,252182528,float,5153200,195.75,5163200,195.37
1009778688,252444672,float,5154900,195.89,5158000,195.77
1010827264,252706816,float,5164900,195.71,5169000,195.56
1011875840,252968960,float,5175200,195.52,5187100,195.07
1012924416,253231104,float,5172400,195.83,5164800,196.12
1013972992,253493248,float,5185900,195.52,5182400,195.66
1015021568,253755392,float,5199500,195.21,5195800,195.35
1016070144,254017536,float,5185100,195.96,5187600,195.87
1017118720,254279680,float,5190700,195.95,5206500,195.36
1018167296,254541824,float,5203100,195.69,5196400,195.94
1019215872,254803968,float,5200100,196.00,5205100,195.81
1020264448,255066112,float,5211900,195.76,5225400,195.25
1021313024,255328256,float,5211800,195.96,5223500,195.52
1022361600,255590400,float,5225100,195.66,5210100,196.23
1023410176,255852544,float,5221100,196.01,5230600,195.66
1024458752,256114688,float,5240900,195.47,5235200,195.69
1025507328,256376832,float,5233600,195.95,5235600,195.87
1026555904,256638976,float,5259600,195.18,5249100,195.57
1027604480,256901120,float,5251900,195.66,5255300,195.53
1028653056,257163264,float,5247900,196.01,5243800,196.17
1029701632,257425408,float,5260800,195.73,5248700,196.18
1030750208,257687552,float,5276500,195.35,5257800,196.04
1031798784,257949696,float,5264700,195.98,5265400,195.96
1032847360,258211840,float,5269800,195.99,5274200,195.83
1033895936,258473984,float,5284300,195.65,5277400,195.91
1034944512,258736128,float,5280800,195.98,5270800,196.35
1035993088,258998272,float,5272100,196.51,5278200,196.28
1037041664,259260416,float,5300000,195.67,5293900,195.89
1038090240,259522560,float,5294900,196.05,5293800,196.10
1039138816,259784704,float,5311600,195.64,5297600,196.15
1040187392,260046848,float,5315200,195.70,5319700,195.54
1041235968,260308992,float,5299900,196.46,5297800,196.54
1042284544,260571136,float,5306300,196.42,5315300,196.09
1043333120,260833280,float,5329500,195.76,5317400,196.21
1044381696,261095424,float,5312800,196.58,5326800,196.06
1045430272,261357568,float,5322300,196.42,5322100,196.43
1046478848,261619712,float,5336400,196.10,5338900,196.01
1047527424,261881856,float,5327600,196.62,5330900,196.50
1048576000,262144000,float,5331200,196.69,5332300,196.65
1049624576,262406144,float,5349000,196.23,5343300,196.44
1050673152,262668288,float,5345100,196.57,5339300,196.78
1051721728,262930432,float,5364100,196.07,5356600,196.34
1052770304,263192576,float,5360200,196.41,5350800,196.75
1053818880,263454720,float,5365700,196.40,5356500,196.74
1054867456,263716864,float,5367700,196.52,5367600,196.53
1055916032,263979008,float,5369400,196.65,5366100,196.78
1056964608,264241152,float,5395200,195.91,5369000,196.86
1058013184,264503296,float,5384700,196.49,5392100,196.21
1059061760,264765440,float,5379300,196.88,5394900,196.31
1060110336,265027584,float,5380900,197.01,5390400,196.67
1061158912,265289728,float,5383700,197.11,5375000,197.43
1062207488,265551872,float,5396800,196.82,5389900,197.07
1063256064,265814016,float,5412000,196.46,5393500,197.14
1064304640,266076160,float,5404300,196.94,5420600,196.34
1065353216,266338304,float,5412500,196.83,5414700,196.75
1066401792,266600448,float,5426100,196.53,5407500,197.21
1067450368,266862592,float,5424100,196.80,5428300,196.65
1068498944,267124736,float,5428100,196.84,5424400,196.98
1069547520,267386880,float,5428100,197.04,5422900,197.23
1070596096,267649024,float,5425300,197.34,5435300,196.97
1071644672,267911168,float,5430500,197.34,5451000,196.60
1072693248,268173312,float,5435500,197.35,5447600,196.91
1073741824,268435456,float,5442800,197.28,5453400,196.89
